participant_id,name,age,start_time,trial_type,participant,session,date,expName,OS,drawing_matrix,matrix_size,drawing_time
12,123,12,2026-02-11T09:38:52.991Z,participant_info,12,001,2026-02-11_17h38.55.314,simple_test,Win32,,,
,123,12,,drawing_data,12,001,2026-02-11_17h38.55.314,simple_test,Win32,"[[0,0,0,0,0,0,0,0,0,0,0,0,0,0,0,0,0,0,0,0,0,0,0,0,0,0,0,0,0,0,0,0,0,0,0,0,0,0,0,0,0,0,0,0,0,0,0,0,0,0,0,0,0,0,0,0,0,0,0,0,0,0,0,0,0,0,0,0,0,0,0,0,0,0,0,0,0,0,0,0,0,0,0,0,0,0,0,0,0,0,0,0,0,0,0,0,0,0,0,0,0,0,0,0,0,0,0,0,0,0,0,0,0,0,0,0,0,0,0,0,0,0,0,0,0,0,0,0,0,0,0,0,0,0,0,0,0,0,0,0,0,0,0,0,0,0,0,0,0,0,0,0,0,0,0,0,0,0,0,0,0,0,0,0,0,0,0,0,0,0,0,0,0,0,0,0,0,0,0,0,0,0,0,0,0,0,0,0,0,0,0,0,0,0,0,0,0,0,0,0,0,0,0,0,0,0,0,0,0,0,0,0,0,0,0,0,0,0,0,0,0,0,0,0,0,0,0,0,0,0,0,0,0,0,0,0,0,0,0,0,0,0,0,0,0,0,0,0,0,0,0,0,0,0,0,0],[0,0,0,0,0,0,0,0,0,0,0,0,0,0,0,0,0,0,0,0,0,0,0,0,0,0,0,0,0,0,0,0,0,0,0,0,0,0,0,0,0,0,0,0,0,0,0,0,0,0,0,0,0,0,0,0,0,0,0,0,0,0,0,0,0,0,0,0,0,0,0,0,0,0,0,0,0,0,0,0,0,0,0,0,0,0,0,0,0,0,0,0,0,0,0,0,0,0,0,0,0,0,0,0,0,0,0,0,0,0,0,0,0,0,0,0,0,0,0,0,0,0,0,0,0,0,0,0,0,0,0,0,0,0,0,0,0,0,0,0,0,0,0,0,0,0,0,0,0,0,0,0,0,0,0,0,0,0,0,0,0,0,0,0,0,0,0,0,0,0,0,0,0,0,0,0,0,0,0,0,0,0,0,0,0,0,0,0,0,0,0,0,0,0,0,0,0,0,0,0,0,0,0,0,0,0,0,0,0,0,0,0,0,0,0,0,0,0,0,0,0,0,0,0,0,0,0,0,0,0,0,0,0,0,0,0,0,0,0,0,0,0,0,0,0,0,0,0,0,0,0,0,0,0,0,0],[0,0,0,0,0,0,0,0,0,0,0,0,0,0,0,0,0,0,0,0,0,0,0,0,0,0,0,0,0,0,0,0,0,0,0,0,0,0,0,0,0,0,0,0,0,0,0,0,0,0,0,0,0,0,0,0,0,0,0,0,0,0,0,0,0,0,0,0,0,0,0,0,0,0,0,0,0,0,0,0,0,0,0,0,0,0,0,0,0,0,0,0,0,0,0,0,0,0,0,0,0,0,0,0,0,0,0,0,0,0,0,0,0,0,0,0,0,0,0,0,0,0,0,0,0,0,0,0,0,0,0,0,0,0,0,0,0,0,0,0,0,0,0,0,0,0,0,0,0,0,0,0,0,0,0,0,0,0,0,0,0,0,0,0,0,0,0,0,0,0,0,0,0,0,0,0,0,0,0,0,0,0,0,0,0,0,0,0,0,0,0,0,0,0,0,0,0,0,0,0,0,0,0,0,0,0,0,0,0,0,0,0,0,0,0,0,0,0,0,0,0,0,0,0,0,0,0,0,0,0,0,0,0,0,0,0,0,0,0,0,0,0,0,0,0,0,0,0,0,0,0,0,0,0,0,0],[0,0,0,0,0,0,0,0,0,0,0,0,0,0,0,0,0,0,0,0,0,0,0,0,0,0,0,0,0,0,0,0,0,0,0,0,0,0,0,0,0,0,0,0,0,0,0,0,0,0,0,0,0,0,0,0,0,0,0,0,0,0,0,0,0,0,0,0,0,0,0,0,0,0,0,0,0,0,0,0,0,0,0,0,0,0,0,0,0,0,0,0,0,0,0,0,0,0,0,0,0,0,0,0,0,0,0,0,0,0,0,0,0,0,0,0,0,0,0,0,0,0,0,0,0,0,0,0,0,0,0,0,0,0,0,0,0,0,0,0,0,0,0,0,0,0,0,0,0,0,0,0,0,0,0,0,0,0,0,0,0,0,0,0,0,0,0,0,0,0,0,0,0,0,0,0,0,0,0,0,0,0,0,0,0,0,0,0,0,0,0,0,0,0,0,0,0,0,0,0,0,0,0,0,0,0,0,0,0,0,0,0,0,0,0,0,0,0,0,0,0,0,0,0,0,0,0,0,0,0,0,0,0,0,0,0,0,0,0,0,0,0,0,0,0,0,0,0,0,0,0,0,0,0,0,0],[0,0,0,0,0,0,0,0,0,0,0,0,0,0,0,0,0,0,0,0,0,0,0,0,0,0,0,0,0,0,0,0,0,0,0,0,0,0,0,0,0,0,0,0,0,0,0,0,0,0,0,0,0,0,0,0,0,0,0,0,0,0,0,0,0,0,0,0,0,0,0,0,0,0,0,0,0,0,0,0,0,0,0,0,0,0,0,0,0,0,0,0,0,0,0,0,0,0,0,0,0,0,0,0,0,0,0,0,0,0,0,0,0,0,0,0,0,0,0,0,0,0,0,0,0,0,0,0,0,0,0,0,0,0,0,0,0,0,0,0,0,0,0,0,0,0,0,0,0,0,0,0,0,0,0,0,0,0,0,0,0,0,0,0,0,0,0,0,0,0,0,0,0,0,0,0,0,0,0,0,0,0,0,0,0,0,0,0,0,0,0,0,0,0,0,0,0,0,0,0,0,0,0,0,0,0,0,0,0,0,0,0,0,0,0,0,0,0,0,0,0,0,0,0,0,0,0,0,0,0,0,0,0,0,0,0,0,0,0,0,0,0,0,0,0,0,0,0,0,0,0,0,0,0,0,0],[0,0,0,0,0,0,0,0,0,0,0,0,0,0,0,0,0,0,0,0,0,0,0,0,0,0,0,0,0,0,0,0,0,0,0,0,0,0,0,0,0,0,0,0,0,0,0,0,0,0,0,0,0,0,0,0,0,0,0,0,0,0,0,0,0,0,0,0,0,0,0,0,0,0,0,0,0,0,0,0,0,0,0,0,0,0,0,0,0,0,0,0,0,0,0,0,0,0,0,0,0,0,0,0,0,0,0,0,0,0,0,0,0,0,0,0,0,0,0,0,0,0,0,0,0,0,0,0,0,0,0,0,0,0,0,0,0,0,0,0,0,0,0,0,0,0,0,0,0,0,0,0,0,0,0,0,0,0,0,0,0,0,0,0,0,0,0,0,0,0,0,0,0,0,0,0,0,0,0,0,0,0,0,0,0,0,0,0,0,0,0,0,0,0,0,0,0,0,0,0,0,0,0,0,0,0,0,0,0,0,0,0,0,0,0,0,0,0,0,0,0,0,0,0,0,0,0,0,0,0,0,0,0,0,0,0,0,0,0,0,0,0,0,0,0,0,0,0,0,0,0,0,0,0,0,0],[0,0,0,0,0,0,0,0,0,0,0,0,0,0,0,0,0,0,0,0,0,0,0,0,0,0,0,0,0,0,0,0,0,0,0,0,0,0,0,0,0,0,0,0,0,0,0,0,0,0,0,0,0,0,0,0,0,0,0,0,0,0,0,0,0,0,0,0,0,0,0,0,0,0,0,0,0,0,0,0,0,0,0,0,0,0,0,0,0,0,0,0,0,0,0,0,0,0,0,0,0,0,0,0,0,0,0,0,0,0,0,0,0,0,0,0,0,0,0,0,0,0,0,0,0,0,0,0,0,0,0,0,0,0,0,0,0,0,0,0,0,0,0,0,0,0,0,0,0,0,0,0,0,0,0,0,0,0,0,0,0,0,0,0,0,0,0,0,0,0,0,0,0,0,0,0,0,0,0,0,0,0,0,0,0,0,0,0,0,0,0,0,0,0,0,0,0,0,0,0,0,0,0,0,0,0,0,0,0,0,0,0,0,0,0,0,0,0,0,0,0,0,0,0,0,0,0,0,0,0,0,0,0,0,0,0,0,0,0,0,0,0,0,0,0,0,0,0,0,0,0,0,0,0,0,0],[0,0,0,0,0,0,0,0,0,0,0,0,0,0,0,0,0,0,0,0,0,0,0,0,0,0,0,0,0,0,0,0,0,0,0,0,0,0,0,0,0,0,0,0,0,0,0,0,0,0,0,0,0,0,0,0,0,0,0,0,0,0,0,0,0,0,0,0,0,0,0,0,0,0,0,0,0,0,0,0,0,0,0,0,0,0,0,0,0,0,0,0,0,0,0,0,0,0,0,0,0,0,0,0,0,0,0,0,0,0,0,0,0,0,0,0,0,0,0,0,0,0,0,0,0,0,0,0,0,0,0,0,0,0,0,0,0,0,0,0,0,0,0,0,0,0,0,0,0,0,0,0,0,0,0,0,0,0,0,0,0,0,0,0,0,0,0,0,0,0,0,0,0,0,0,0,0,0,0,0,0,0,0,0,0,0,0,0,0,0,0,0,0,0,0,0,0,0,0,0,0,0,0,0,0,0,0,0,0,0,0,0,0,0,0,0,0,0,0,0,0,0,0,0,0,0,0,0,0,0,0,0,0,0,0,0,0,0,0,0,0,0,0,0,0,0,0,0,0,0,0,0,0,0,0,0],[0,0,0,0,0,0,0,0,0,0,0,0,0,0,0,0,0,0,0,0,0,0,0,0,0,0,0,0,0,0,0,0,0,0,0,0,0,0,0,0,0,0,0,0,0,0,0,0,0,0,0,0,0,0,0,0,0,0,0,0,0,0,0,0,0,0,0,0,0,0,0,0,0,0,0,0,0,0,0,0,0,0,0,0,0,0,0,0,0,0,0,0,0,0,0,0,0,0,0,0,0,0,0,0,0,0,0,0,0,0,0,0,0,0,0,0,0,0,0,0,0,0,0,0,0,0,0,0,0,0,0,0,0,0,0,0,0,0,0,0,0,0,0,0,0,0,0,0,0,0,0,0,0,0,0,0,0,0,0,0,0,0,0,0,0,0,0,0,0,0,0,0,0,0,0,0,0,0,0,0,0,0,0,0,0,0,0,0,0,0,0,0,0,0,0,0,0,0,0,0,0,0,0,0,0,0,0,0,0,0,0,0,0,0,0,0,0,0,0,0,0,0,0,0,0,0,0,0,0,0,0,0,0,0,0,0,0,0,0,0,0,0,0,0,0,0,0,0,0,0,0,0,0,0,0,0],[0,0,0,0,0,0,0,0,0,0,0,0,0,0,0,0,0,0,0,0,0,0,0,0,0,0,0,0,0,0,0,0,0,0,0,0,0,0,0,0,0,0,0,0,0,0,0,0,0,0,0,0,0,0,0,0,0,0,0,0,0,0,0,0,0,0,0,0,0,0,0,0,0,0,0,0,0,0,0,0,0,0,0,0,0,0,0,0,0,0,0,0,0,0,0,0,0,0,0,0,0,0,0,0,0,0,0,0,0,0,0,0,0,0,0,0,0,0,0,0,0,0,0,0,0,0,0,0,0,0,0,0,0,0,0,0,0,0,0,0,0,0,0,0,0,0,0,0,0,0,0,0,0,0,0,0,0,0,0,0,0,0,0,0,0,0,0,0,0,0,0,0,0,0,0,0,0,0,0,0,0,0,0,0,0,0,0,0,0,0,0,0,0,0,0,0,0,0,0,0,0,0,0,0,0,0,0,0,0,0,0,0,0,0,0,0,0,0,0,0,0,0,0,0,0,0,0,0,0,0,0,0,0,0,0,0,0,0,0,0,0,0,0,0,0,0,0,0,0,0,0,0,0,0,0,0],[0,0,0,0,0,0,0,0,0,0,0,0,0,0,0,0,0,0,0,0,0,0,0,0,0,0,0,0,0,0,0,0,0,0,0,0,0,0,0,0,0,0,0,0,0,0,0,0,0,0,0,0,0,0,0,0,0,0,0,0,0,0,0,0,0,0,0,0,0,0,0,0,0,0,0,0,0,0,0,0,0,0,0,0,0,0,0,0,0,0,0,0,0,0,0,0,0,0,0,0,0,0,0,0,0,0,0,0,0,0,0,0,0,0,0,0,0,0,0,0,0,0,0,0,0,0,0,0,0,0,0,0,0,0,0,0,0,0,0,0,0,0,0,0,0,0,0,0,0,0,0,0,0,0,0,0,0,0,0,0,0,0,0,0,0,0,0,0,0,0,0,0,0,0,0,0,0,0,0,0,0,0,0,0,0,0,0,0,0,0,0,0,0,0,0,0,0,0,0,0,0,0,0,0,0,0,0,0,0,0,0,0,0,0,0,0,0,0,0,0,0,0,0,0,0,0,0,0,0,0,0,0,0,0,0,0,0,0,0,0,0,0,0,0,0,0,0,0,0,0,0,0,0,0,0,0],[0,0,0,0,0,0,0,0,0,0,0,0,0,0,0,0,0,0,0,0,0,0,0,0,0,0,0,0,0,0,0,0,0,0,0,0,0,0,0,0,0,0,0,0,0,0,0,0,0,0,0,0,0,0,0,0,0,0,0,0,0,0,0,0,0,0,0,0,0,0,0,0,0,0,0,0,0,0,0,0,0,0,0,0,0,0,0,0,0,0,0,0,0,0,0,0,0,0,0,0,0,0,0,0,0,0,0,0,0,0,0,0,0,0,0,0,0,0,0,0,0,0,0,0,0,0,0,0,0,0,0,0,0,0,0,0,0,0,0,0,0,0,0,0,0,0,0,0,0,0,0,0,0,0,0,0,0,0,0,0,0,0,0,0,0,0,0,0,0,0,0,0,0,0,0,0,0,0,0,0,0,0,0,0,0,0,0,0,0,0,0,0,0,0,0,0,0,0,0,0,0,0,0,0,0,0,0,0,0,0,0,0,0,0,0,0,0,0,0,0,0,0,0,0,0,0,0,0,0,0,0,0,0,0,0,0,0,0,0,0,0,0,0,0,0,0,0,0,0,0,0,0,0,0,0,0],[0,0,0,0,0,0,0,0,0,0,0,0,0,0,0,0,0,0,0,0,0,0,0,0,0,0,0,0,0,0,0,0,0,0,0,0,0,0,0,0,0,0,0,0,0,0,0,0,0,0,0,0,0,0,0,0,0,0,0,0,0,0,0,0,0,0,0,0,0,0,0,0,0,0,0,0,0,0,0,0,0,0,0,0,0,0,0,0,0,0,0,0,0,0,0,0,0,0,0,0,0,0,0,0,0,0,0,0,0,0,0,0,0,0,0,0,0,0,0,0,0,0,0,0,0,0,0,0,0,0,0,0,0,0,0,0,0,0,0,0,0,0,0,0,0,0,0,0,0,0,0,0,0,0,0,0,0,0,0,0,0,0,0,0,0,0,0,0,0,0,0,0,0,0,0,0,0,0,0,0,0,0,0,0,0,0,0,0,0,0,0,0,0,0,0,0,0,0,0,0,0,0,0,0,0,0,0,0,0,0,0,0,0,0,0,0,0,0,0,0,0,0,0,0,0,0,0,0,0,0,0,0,0,0,0,0,0,0,0,0,0,0,0,0,0,0,0,0,0,0,0,0,0,0,0,0],[0,0,0,0,0,0,0,0,0,0,0,0,0,0,0,0,0,0,0,0,0,0,0,0,0,0,0,0,0,0,0,0,0,0,0,0,0,0,0,0,0,0,0,0,0,0,0,0,0,0,0,0,0,0,0,0,0,0,0,0,0,0,0,0,0,0,0,0,0,0,0,0,0,0,0,0,0,0,0,0,0,0,0,0,0,0,0,0,0,0,0,0,0,0,0,0,0,0,0,0,0,0,0,0,0,0,0,0,0,0,0,0,0,0,0,0,0,0,0,0,0,0,0,0,0,0,0,0,0,0,0,0,0,0,0,0,0,0,0,0,0,0,0,0,0,0,0,0,0,0,0,0,0,0,0,0,0,0,0,0,0,0,0,0,0,0,0,0,0,0,0,0,0,0,0,0,0,0,0,0,0,0,0,0,0,0,0,0,0,0,0,0,0,0,0,0,0,0,0,0,0,0,0,0,0,0,0,0,0,0,0,0,0,0,0,0,0,0,0,0,0,0,0,0,0,0,0,0,0,0,0,0,0,0,0,0,0,0,0,0,0,0,0,0,0,0,0,0,0,0,0,0,0,0,0,0],[0,0,0,0,0,0,0,0,0,0,0,0,0,0,0,0,0,0,0,0,0,0,0,0,0,0,0,0,0,0,0,0,0,0,0,0,0,0,0,0,0,0,0,0,0,0,0,0,0,0,0,0,0,0,0,0,0,0,0,0,0,0,0,0,0,0,0,0,0,0,0,0,0,0,0,0,0,0,0,0,0,0,0,0,0,0,0,0,0,0,0,0,0,0,0,0,0,0,0,0,0,0,0,0,0,0,0,4.059164952926303e-14,1.3979195897981257e-13,4.606997982268327e-13,1.4529283351890836e-12,4.38491021617969e-12,1.2663902479696584e-11,3.4999734511766664e-11,9.256616746821898e-11,2.3427727084553454e-10,5.674118085656387e-10,1.315094385747653e-9,2.9167944035803144e-9,6.19077546426976e-9,1.2574033923885935e-8,2.44396252952876e-8,4.5457421644927015e-8,8.091059499816079e-8,1.3781494982593137e-7,2.24635095287755e-7,3.5038800089640983e-7,5.23011433154379e-7,7.47073756490094e-7,0.0000010211889782944156,0.0000013357927972648636,0.0000016721006522676208,0.0000020029775220924127,0.0000022960433064949394,0.000002518688244387067,0.000002643985660821077,0.000002656036972491059,0.000002553286078120237,0.000002348849434648426,0.0000020677651924310744,0.0000017419576906944116,0.000001404314321696704,0.0000010833814315132816,7.998136117153427e-7,5.650495514102423e-7,3.8200990027668e-7,2.4714569081772404e-7,1.5301070183150495e-7,9.065273516706812e-8,5.139612272051691e-8,2.788496752728523e-8,1.4477723200237702e-8,7.193176809339682e-9,3.4200428088170896e-9,1.5560827531849894e-9,6.775232087346744e-10,2.822968320212211e-10,1.1255846778688284e-10,4.294777617414119e-11,1.5681714032950884e-11,5.479446855636562e-12,1.832188904085772e-12,5.862652038388959e-13,1.7951813545883986e-13,5.260328662380807e-14,0,0,0,0,0,0,0,0,0,0,0,0,0,0,0,0,0,0,0,0,0,0,0,0,0,0,0,0,0,0,0,0,0,0,0,0,0,0,0,0,0,0,0,0,0,0,0,0,0,0,0,0,0,0,0,0,0,0,0,0,0,0,0,0,0,0,0,0,0,0,0,0,0,0,0,0,0,0,0,0,0,0,0,0,0,0,0,0,0,0,0],[0,0,0,0,0,0,0,0,0,0,0,0,0,0,0,0,0,0,0,0,0,0,0,0,0,0,0,0,0,0,0,0,0,0,0,0,0,0,0,0,0,0,0,0,0,0,0,0,0,0,0,0,0,0,0,0,0,0,0,0,0,0,0,0,0,0,0,0,0,0,0,0,0,0,0,0,0,0,0,0,0,0,0,0,0,0,0,0,0,0,0,0,0,0,0,0,0,0,0,0,0,0,0,0,0,0,0,1.6298718728224858e-13,5.613050581344231e-13,1.849842644122123e-12,5.833926569168608e-12,1.7606679967639584e-11,5.084922315597091e-11,1.405340347054835e-10,3.7167987623331633e-10,9.40690852973285e-10,2.2783221618568817e-9,5.280483484396563e-9,1.1711771293685385e-8,2.4857750096848728e-8,5.048837496905123e-8,9.813214863907845e-8,1.825246665491792e-7,3.2487938906193986e-7,5.533667958327153e-7,9.019747354548024e-7,0.0000014069089427465965,0.000002100041840990877,0.0000029997167317608783,0.000004100368454744633,0.00000536359358003258,0.000006713966673599741,0.000008042532794338928,0.000009219276495133832,0.000010113260174301844,0.000010616365461106906,0.000010664754955373144,0.000010252180461395941,0.000009431308339092235,0.000008302673987947124,0.000006994462843060491,0.000005638727275384992,0.0000043500891026581325,0.000003211482470786581,0.000002268837017649611,0.0000015338799945831848,9.92361272883714e-7,6.143821255064095e-7,3.6399689334308544e-7,2.0637026522884588e-7,1.119661919984947e-7,5.8132236802955725e-8,2.8882680782237526e-8,1.373245887413678e-8,6.2481213269541994e-9,2.7204512107964656e-9,1.1335032491512406e-9,4.5195473162917384e-10,1.7244771572055824e-10,6.296660745833069e-11,2.2001560449494217e-11,7.356767204826373e-12,2.3540239848166273e-12,7.208171213514464e-13,2.1121737667831006e-13,0,0,0,0,0,0,0,0,0,0,0,0,0,0,0,0,0,0,0,0,0,0,0,0,0,0,0,0,0,0,0,0,0,0,0,0,0,0,0,0,0,0,0,0,0,0,0,0,0,0,0,0,0,0,0,0,0,0,0,0,0,0,0,0,0,0,0,0,0,0,0,0,0,0,0,0,0,0,0,0,0,0,0,0,0,0,0,0,0,0,0],[0,0,0,0,0,0,0,0,0,0,0,0,0,0,0,0,0,0,0,0,0,0,0,0,0,0,0,0,0,0,0,0,0,0,0,0,0,0,0,0,0,0,0,0,0,0,0,0,0,0,0,0,0,0,0,0,0,0,0,0,0,0,0,0,0,0,0,0,0,0,0,0,0,0,0,0,0,0,0,0,0,0,0,0,0,0,0,0,0,0,0,0,0,0,0,0,0,0,0,0,0,0,0,0,0,0,0,5.405809176438683e-13,1.8674838171923345e-12,6.155358286302818e-12,1.9415245527010124e-11,5.860377853932506e-11,1.6927844400264495e-10,4.679194944584278e-10,1.237753603106397e-9,3.1332206717041355e-9,7.589997657772037e-9,1.759488096021284e-8,3.903239686657504e-8,8.286258500046547e-8,1.683395966625824e-7,3.2727197884157606e-7,6.088724076317469e-7,0.000001084024005424289,0.0000018469147679910423,0.000003011274724465887,0.000004698396957198711,0.000007015281127867107,0.000010023900579278898,0.000013706449922865104,0.000017935358194190526,0.00002245909491958061,0.000026913604859016285,0.00003086378829959403,0.00003387073771392395,0.00003557119749311412,0.000035749590949658206,0.000034382923416318864,0.000031645651533312035,0.00002787309564993078,0.000023493986310495713,0.000018950863297902715,0.000014628591917722734,0.000010806318569526352,0.000007639329109373522,0.000005168153504729144,0.000003345945474542434,0.0000020730326745003047,0.0000012291301014509523,6.974203126506471e-7,3.7870147463157585e-7,1.967912251070276e-7,9.786366630003192e-8,4.65741537107738e-8,2.1211771905560884e-8,9.245239992320751e-9,3.856288391676257e-9,1.5393300197549721e-9,5.880385096741478e-10,2.1497725102870587e-10,7.521299772485976e-11,2.518302720187719e-11,8.069351594559643e-12,2.4744921277428904e-12,7.261918234446092e-13,7.51475523197258e-15,0,0,0,0,0,0,0,0,0,0,0,0,0,0,0,0,0,0,0,0,0,0,0,0,0,0,0,0,0,0,0,0,0,0,0,0,0,0,0,0,0,0,0,0,0,0,0,0,0,0,0,0,0,0,0,0,0,0,0,0,0,0,0,0,0,0,0,0,0,0,0,0,0,0,0,0,0,0,0,0,0,0,0,0,0,0,0,0,0,0],[0,0,0,0,0,0,0,0,0,0,0,0,0,0,0,0,0,0,0,0,0,0,0,0,0,0,0,0,0,0,0,0,0,0,0,0,0,0,0,0,0,0,0,0,0,0,0,0,0,0,0,0,0,0,0,0,0,0,0,0,0,0,0,0,0,0,0,0,0,0,0,0,0,0,0,0,0,0,0,0,0,0,0,0,0,0,0,0,0,0,0,0,0,0,0,0,0,0,0,0,0,0,0,0,0,0,0,1.7161853627472736e-12,5.936071245455532e-12,1.9572595689966008e-11,6.174119088004735e-11,1.863789957670152e-10,5.384118336656802e-10,1.488429202115494e-9,3.937658367586283e-9,9.96883669588629e-9,2.4151709442320996e-8,5.599491458775237e-8,1.2423587149593047e-7,2.637810354390088e-7,5.359678106775205e-7,0.0000010421564085025294,0.0000019392181346107306,0.0000034531904313972067,0.0000058845746207269374,0.000009596456841805128,0.000014976443901019272,0.000022367072318870843,0.00003196781654193497,0.000043724111946755024,0.00005723135958771712,0.00007168909213580772,0.00008593676920175782,0.00009858547391463962,0.00010823205681653196,0.00011371275009599455,0.00011433362064546925,0.00011001493795781383,0.0001013079971773345,0.0000892794975695289,0.00007529694586091857,0.000060774640665982936,0.000046944939453037264,0.00003470392378236011,0.000024552403445376595,0.000016624073742893192,0.000010772375150640253,0.000006680651081575851,0.0000039651749882204455,0.00000225239901133797,0.000001224534665720603,6.371523033536113e-7,3.1729683705636674e-7,1.5123165975971218e-7,6.898881178118016e-8,3.012162422830621e-8,1.258771878286633e-8,5.034891541001658e-9,1.9275850956547243e-9,7.063560667217309e-10,2.4775775132837853e-10,8.318241300315392e-11,2.673278530039284e-11,8.223820152074306e-12,2.4217455788694052e-12,5.903996826186682e-14,7.51475523197258e-15,0,0,0,0,0,0,0,0,0,0,0,0,0,0,0,0,0,0,0,0,0,0,0,0,0,0,0,0,0,0,0,0,0,0,0,0,0,0,0,0,0,0,0,0,0,0,0,0,0,0,0,0,0,0,0,0,0,0,0,0,0,0,0,0,0,0,0,0,0,0,0,0,0,0,0,0,0,0,0,0,0,0,0,0,0,0,0,0,0],[0,0,0,0,0,0,0,0,0,0,0,0,0,0,0,0,0,0,0,0,0,0,0,0,0,0,0,0,0,0,0,0,0,0,0,0,0,0,0,0,0,0,0,0,0,0,0,0,0,0,0,0,0,0,0,0,0,0,0,0,0,0,0,0,0,0,0,0,0,0,0,0,0,0,0,0,0,0,0,0,0,0,0,0,0,0,0,0,0,0,0,0,0,0,0,0,0,0,0,0,0,0,0,0,0,0,0,5.2151549791448806e-12,1.8046048270111236e-11,5.950542758590858e-11,1.8771827497585335e-10,5.666839443192942e-10,1.6370869188442053e-9,4.525842186290071e-9,1.1973587665070536e-8,3.031424999070869e-8,7.344587986364109e-8,1.7028900350660051e-7,3.7783730641147126e-7,8.02273936539437e-7,0.0000016301994222437031,0.0000031700026522970896,0.000005899022326773825,0.000010505161079343803,0.000017903108797655212,0.000029198336285815117,0.00004557142551712595,0.00006806643169636584,0.00009729271222695767,0.00013308704476582827,0.00017422107447204066,0.00021826114675341734,0.0002616763924191706,0.00030023871030294193,0.0003296739826038498,0.00034643398725502404,0.0003483985231502597,0.0003353161594412988,0.00030885712203240155,0.000272262958301107,0.00022969440525968574,0.00018545844581813336,0.0001433114579443573,0.0001059881820578061,0.00007502063688417055,0.00005082247686426799,0.000032952486543044385,0.000020449557228957885,0.000012146458480844405,0.000006905463763435629,0.0000037576955265768943,0.000001957243493512955,9.75826405076651e-7,4.6571008012202185e-7,2.1275811365247776e-7,9.304592136608791e-8,3.895506436768402e-8,1.5613563769847738e-8,5.991415985996603e-9,2.201231881644722e-9,7.743414578872126e-10,2.608274141350241e-10,8.413057203422096e-11,2.598738852684936e-11,7.687949763863442e-12,2.8324088633472897e-13,5.152521302989424e-14,7.51475523197258e-15,0,0,0,0,0,0,0,0,0,0,0,0,0,0,0,0,0,0,0,0,0,0,0,0,0,0,0,0,0,0,0,0,0,0,0,0,0,0,0,0,0,0,0,0,0,0,0,0,0,0,0,0,0,0,0,0,0,0,0,0,0,0,0,0,0,0,0,0,0,0,0,0,0,0,0,0,0,0,0,0,0,0,0,0,0,0,0,0],[0,0,0,0,0,0,0,0,0,0,0,0,0,0,0,0,0,0,0,0,0,0,0,0,0,0,0,0,0,0,0,0,0,0,0,0,0,0,0,0,0,0,0,0,0,0,0,0,0,0,0,0,0,0,0,0,0,0,0,0,0,0,0,0,0,0,0,0,0,0,0,0,0,0,0,0,0,0,0,0,0,0,0,0,0,0,0,0,0,0,0,0,0,0,0,0,0,0,0,0,0,0,0,0,0,0,0,1.5169565460370693e-11,5.251523546489826e-11,1.7317608490694208e-10,5.463253327006379e-10,1.64929797027556e-9,4.764779480874305e-9,1.317298130241319e-8,3.48516524897649e-8,8.823912221888111e-8,2.1379522367279012e-7,4.957176506779091e-7,0.0000010999448856171308,0.0000023356526919192636,0.000004746211566367787,0.000009229712236554293,0.00001717640527148713,0.000030590059938897185,0.00005213546688664351,0.00008503390808404669,0.00013272663448981217,0.0001982587384742788,0.0002834107158687627,0.00038771388769819716,0.00050759723080569,0.000635977459953295,0.0007625718598991806,0.00087506150703597,0.0009609870827236316,0.001009997626471371,0.0010158976307664657,0.000977934162087475,0.0009009548275201565,0.0007943908161674287,0.0006703594762082492,0.0005414130337571444,0.00041850702847602626,0.00030962517724916956,0.00021924837832992364,0.00014859738023618047,0.00009639834906621264,0.000059857958713678974,0.00003557783815313817,0.00002024209771128706,0.000011024640354045832,0.000005748080594014574,0.0000028691251274807204,0.000001371088616510976,6.273283429626709e-7,2.7483037688897206e-7,1.152937124749935e-7,4.6318253947274515e-8,1.7821466728832928e-8,6.567852827118487e-9,2.318684000050407e-9,7.842480024085931e-10,2.541681300804232e-10,7.894303704104357e-11,2.3502199360237195e-11,1.1955091858589094e-12,2.5736112122752616e-13,5.152521302989424e-14,7.51475523197258e-15,0,0,0,0,0,0,0,0,0,0,0,0,0,0,0,0,0,0,0,0,0,0,0,0,0,0,0,0,0,0,0,0,0,0,0,0,0,0,0,0,0,0,0,0,0,0,0,0,0,0,0,0,0,0,0,0,0,0,0,0,0,0,0,0,0,0,0,0,0,0,0,0,0,0,0,0,0,0,0,0,0,0,0,0,0,0,0],[0,0,0,0,0,0,0,0,0,0,0,0,0,0,0,0,0,0,0,0,0,0,0,0,0,0,0,0,0,0,0,0,0,0,0,0,0,0,0,0,0,0,0,0,0,0,0,0,0,0,0,0,0,0,0,0,0,0,0,0,0,0,0,0,0,0,0,0,0,0,0,0,0,0,0,0,0,0,0,0,0,0,0,0,0,0,0,0,0,0,0,0,0,0,0,0,0,0,0,0,0,0,0,0,0,0,0,4.223625021445043e-11,1.462897104651193e-10,4.82450850917179e-10,1.522060718217009e-9,4.595087457175629e-9,1.3275532853316117e-8,3.6703591804704985e-8,9.71100313201801e-8,2.4587766626738546e-7,5.957637972991199e-7,0.0000013814329072572696,0.0000030653976475943833,0.000006509474110031745,0.000013228415789302942,0.000025726071465729663,0.000047878852606228706,0.0000852745881805507,0.00014534572309318574,0.00023707884724210977,0.0003700774175522985,0.000552844530008377,0.0007903612967291343,0.0010813399372703683,0.0014158414883809352,0.0017741278420348372,0.002127528370762938,0.0024416786416369294,0.0026818046278882855,0.002818995279951492,0.002835917393550663,0.0027304148395839245,0.0025159602584625307,0.002218828520062682,0.0018728104224852034,0.0015129338254305823,0.001169792191842474,0.0008657003931756417,0.0006132040007425846,0.00041574804044707534,0.0002698074197492741,0.00016760537259194285,0.00009966571814078615,0.00005673390300464637,0.00003091688026544874,0.000016129621549202766,0.000008056568316574987,0.000003852992414615636,0.0000017643970018049744,7.73706300618884e-7,3.2491760392378325e-7,1.3068561416222943e-7,5.0348314405825075e-8,1.8582127604113978e-8,6.570768013268142e-9,2.226437528106971e-9,7.230181996607518e-10,2.2506634770757474e-10,6.71708435868972e-11,3.876310830009198e-12,8.559930526367565e-13,1.7360894925054105e-13,2.5879765107202824e-14,0,0,0,0,0,0,0,0,0,0,0,0,0,0,0,0,0,0,0,0,0,0,0,0,0,0,0,0,0,0,0,0,0,0,0,0,0,0,0,0,0,0,0,0,0,0,0,0,0,0,0,0,0,0,0,0,0,0,0,0,0,0,0,0,0,0,0,0,0,0,0,0,0,0,0,0,0,0,0,0,0,0,0,0,0,0,0],[0,0,0,0,0,0,0,0,0,0,0,0,0,0,0,0,0,0,0,0,0,0,0,0,0,0,0,0,0,0,0,0,0,0,0,0,0,0,0,0,0,0,0,0,0,0,0,0,0,0,0,0,0,0,0,0,0,0,0,0,0,0,0,0,0,0,0,0,0,0,0,0,0,0,0,0,0,0,0,0,0,0,0,0,0,0,0,0,0,0,0,0,0,0,0,0,0,0,0,0,0,0,0,0,0,0,0,1.1256601576065708e-10,3.900971460154852e-10,1.2866155672286957e-9,4.059238674630596e-9,1.2255230495494561e-8,3.5407495969528857e-8,9.789674600035512e-8,2.590246943670523e-7,6.558651538070771e-7,0.00000158923846705778,0.0000036852368423909878,0.00000817794757992986,0.000017367073519066826,0.00003529500547870626,0.00006864440090080327,0.00012776246621655458,0.00022756679649427254,0.00038790304596472003,0.0006327723950926717,0.000987832665312827,0.0014758165938705734,0.0021100673801882383,0.002887201823888134,0.0037807416466496156,0.0047380350650298615,0.005682553996418806,0.006522525725305349,0.00716503256500548,0.007532761826916676,0.007579280154972476,0.007298670311195476,0.006726768868362005,0.005933647199456654,0.005009513172437556,0.004047946631382237,0.0031307413156085708,0.002317615494301954,0.0016422039676424558,0.0011138206155205774,0.0007231329740953494,0.00044941723267831696,0.0002673779461453812,0.00015228721051845692,0.00008303921473111504,0.00004335184041941245,0.000021670145018143484,0.00001037229414632877,0.0000047542170826485105,0.000002086944754553728,8.774287319074284e-7,3.5336864771331314e-7,1.363362654980612e-7,5.039879122375469e-8,1.785332187054368e-8,6.061501066630875e-9,1.9728009605198174e-9,6.156246129606666e-10,1.8423586092961237e-10,1.1983393851880792e-11,2.7061633933121476e-12,5.600475407035429e-13,8.528961644187236e-14,0,0,0,0,0,0,0,0,0,0,0,0,0,0,0,0,0,0,0,0,0,0,0,0,0,0,0,0,0,0,0,0,0,0,0,0,0,0,0,0,0,0,0,0,0,0,0,0,0,0,0,0,0,0,0,0,0,0,0,0,0,0,0,0,0,0,0,0,0,0,0,0,0,0,0,0,0,0,0,0,0,0,0,0,0,0,0],[0,0,0,0,0,0,0,0,0,0,0,0,0,0,0,0,0,0,0,0,0,0,0,0,0,0,0,0,0,0,0,0,0,0,0,0,0,0,0,0,0,0,0,0,0,0,0,0,0,0,0,0,0,0,0,0,0,0,0,0,0,0,0,0,0,0,0,0,0,0,0,0,0,0,0,0,0,0,0,0,0,0,0,0,0,0,0,0,0,0,0,0,0,0,0,0,0,0,0,0,0,0,0,0,0,0,0,2.8717222368451677e-10,9.95790031142808e-10,3.2846201191660037e-9,1.0363341766767413e-8,3.1289127997910936e-8,9.040332417942309e-8,2.499629502191434e-7,6.614055177438895e-7,0.0000016747947568588148,0.00000405842672572599,0.000009411458963652723,0.00002088623584162012,0.0000443576273844141,0.00009015344955962233,0.0001753490386955162,0.0003263868222829217,0.0005813950387797128,0.0009911078509865162,0.0016168991863530803,0.002524405325511858,0.003771822116723398,0.005393383724915027,0.007380600127699314,0.009665954244198319,0.012114994337597948,0.014532158444468965,0.01668279413699796,0.01832917455480413,0.019273321945229616,0.019396097648262996,0.018681913283601026,0.017221985684253486,0.01519519663725058,0.012832100666842873,0.010372071138926242,0.008024508610189433,0.005942465656221485,0.004212321200578267,0.002858219390192611,0.0018565354755790207,0.0011544116731952892,0.0006872047615512402,0.00039165184248317515,0.0002137105538659378,0.00011165797629016025,0.00005586259244562156,0.000026764140854719385,0.000012280723784458175,0.000005397284335208111,0.000002272242862762514,9.164641288196725e-7,3.541741594211711e-7,1.3116716132758893e-7,4.656007038623623e-8,1.5843950101856423e-8,5.169680003984884e-9,1.6177497872817052e-9,4.856369420918583e-10,3.553203556720078e-11,8.197919224479753e-12,1.729728300241741e-12,2.6898145148479577e-13,0,0,0,0,0,0,0,0,0,0,0,0,0,0,0,0,0,0,0,0,0,0,0,0,0,0,0,0,0,0,0,0,0,0,0,0,0,0,0,0,0,0,0,0,0,0,0,0,0,0,0,0,0,0,0,0,0,0,0,0,0,0,0,0,0,0,0,0,0,0,0,0,0,0,0,0,0,0,0,0,0,0,0,0,0,0,0],[0,0,0,0,0,0,0,0,0,0,0,0,0,0,0,0,0,0,0,0,0,0,0,0,0,0,0,0,0,0,0,0,0,0,0,0,0,0,0,0,0,0,0,0,0,0,0,0,0,0,0,0,0,0,0,0,0,0,0,0,0,0,0,0,0,0,0,0,0,0,0,0,0,0,0,0,0,0,0,0,0,0,0,0,0,0,0,0,0,0,0,0,0,0,0,0,0,0,0,0,0,0,0,0,0,0,0,7.01284534763087e-10,2.433349472545564e-9,8.02728039301997e-9,2.5328195428349064e-8,7.647447002734953e-8,2.209665175878423e-7,6.109953064480298e-7,0.0000016167817254978485,0.000004094188018014758,0.000009921740670029124,0.000023009784261680865,0.00005106728538001848,0.0001084624956972268,0.00022045712749832903,0.0004288225947801589,0.0007982547036540533,0.001422057278358957,0.00242441003898299,0.003955580197273207,0.006176342552004376,0.00922936303187607,0.013198773645790174,0.01806423153805817,0.02366095589129711,0.029660269277172968,0.035583721124119304,0.04085685574204488,0.0448972863150396,0.0472195193294076,0.04753074737042564,0.045791539761833436,0.04222405964110673,0.037265441432313445,0.03147983257890864,0.025453515030338804,0.019699846717155724,0.014594510201591434,0.010350020154381395,0.007026402276574371,0.004566485946336181,0.00284124048240428,0.0016925156910896919,0.0009653423618991966,0.0005272086868712325,0.00027572036898174107,0.00013809482337739384,0.00006624462252461049,0.000030439466853396288,0.000013399608748552961,0.0000056517036381032265,0.0000022843970878463327,8.85018121883635e-7,3.287128347741655e-7,1.1707782075310638e-7,3.9999219893958956e-8,1.3112661529433263e-8,4.126259095247953e-9,1.246909867570086e-9,1.071860501075679e-10,2.6037012328083572e-11,5.897601402857789e-12,1.0735222016098743e-12,8.375217197698513e-14,2.564544792269141e-14,7.51475523197258e-15,0,0,0,0,0,0,0,0,0,0,0,0,0,0,0,0,0,0,0,0,0,0,0,0,0,0,0,0,0,0,0,0,0,0,0,0,0,0,0,0,0,0,0,0,0,0,0,0,0,0,0,0,0,0,0,0,0,0,0,0,0,0,0,0,0,0,0,0,0,0,0,0,0,0,0,0,0,0,0,0,0,0,0,0],[0,0,0,0,0,0,0,0,0,0,0,0,0,0,0,0,0,0,0,0,0,0,0,0,0,0,0,0,0,0,0,0,0,0,0,0,0,0,0,0,0,0,0,0,0,0,0,0,0,0,0,0,0,0,0,0,0,0,0,0,0,0,0,0,0,0,0,0,0,0,0,0,0,0,0,0,0,0,0,0,0,0,0,0,0,0,0,0,0,0,0,0,0,0,0,0,0,0,0,0,0,0,0,0,0,0,0,1.6393297049280181e-9,5.6923139509721645e-9,1.8780419831545325e-8,5.9260436497649845e-8,1.7893600363817005e-7,5.170455985521062e-7,0.0000014297582187449448,0.000003783552793118995,0.000009581671740356018,0.000023221378663141594,0.000053856848700556726,0.00011953668003234393,0.00025390423034149414,0.000516117356684205,0.0010040103086576902,0.0018691346397855402,0.003330100762953998,0.0056779342942000766,0.00926491735535834,0.014468154305929374,0.021622580556458586,0.03092625871381226,0.04233266881884429,0.05545689626893162,0.06952975648420698,0.08343054423049666,0.09581270228730027,0.10531001394747289,0.11078228284165188,0.11154012856767082,0.10748776250854479,0.09914290630451379,0.08752812909824083,0.07396508090532354,0.05982874167111934,0.046324357918137105,0.03433518177634787,0.024362147584315683,0.0165484038696826,0.01076171647606524,0.0067006261465430116,0.00399470397424353,0.0022804482665544573,0.0012466889965020431,0.0006527396005672034,0.0003273515205472809,0.00015726731103828218,0.00007239021018754417,0.00003193147972403972,0.000013500594553776896,0.00000547266368847879,0.00000212765003768764,7.936596027195763e-7,2.8419804691607256e-7,9.775429474944734e-8,3.232391514021751e-8,1.0285351216737646e-8,3.1532893428601576e-9,3.3717613729319443e-10,9.001089918846344e-11,2.3319152889394652e-11,5.4861206541597605e-12,1.0712088789350355e-12,3.500606048209218e-13,1.0963193708418795e-13,2.564544792269141e-14,7.51475523197258e-15,0,0,0,0,0,0,0,0,0,0,0,0,0,0,0,0,0,0,0,0,0,0,0,0,0,0,0,0,0,0,0,0,0,0,0,0,0,0,0,0,0,0,0,0,0,0,0,0,0,0,0,0,0,0,0,0,0,0,0,0,0,0,0,0,0,0,0,0,0,0,0,0,0,0,0,0,0,0,0,0,0,0],[0,0,0,0,0,0,0,0,0,0,0,0,0,0,0,0,0,0,0,0,0,0,0,0,0,0,0,0,0,0,0,0,0,0,0,0,0,0,0,0,0,0,0,0,0,0,0,0,0,0,0,0,0,0,0,0,0,0,0,0,0,0,0,0,0,0,0,0,0,0,0,0,0,0,0,0,0,0,0,0,0,0,0,0,0,0,0,0,0,0,0,0,0,0,0,0,0,0,0,0,0,0,0,0,0,0,0,3.66827690972183e-9,1.2747559204843972e-8,4.206324136724687e-8,1.3273604707541496e-7,4.0081571447085866e-7,0.0000011582418549835043,0.0000032030063288037353,0.000008476591660530766,0.000021467951828802563,0.00005203156554827388,0.00012068442874111397,0.00026788283068889565,0.0005690483282142889,0.0011568192640224063,0.002250585664497599,0.004190260221373029,0.007466270956386921,0.012731684980987345,0.02077732762228339,0.032450221429999655,0.04850344383325116,0.06938370156014378,0.09498952129073994,0.12446034488212707,0.15607289890328055,0.18731380026085345,0.21516069336356805,0.23654439554236323,0.24890023420643678,0.25067323284146104,0.2416398666567511,0.2229544321938949,0.1969067353120899,0.16646130119374333,0.13470602557267483,0.10435090826329098,0.07738509130810749,0.054940023120620116,0.03734324570021358,0.024302514573822553,0.015143772497222319,0.009036341340182583,0.005163733313183107,0.0028261192819901784,0.0014815718809152102,0.0007440794221862981,0.00035805495381154977,0.000165118870013352,0.00007298940571733374,0.00003093567305466507,0.0000125760205110331,0.0000049056026558965125,0.0000018370980807710854,6.609134468241662e-7,2.2860287294278559e-7,7.610012436495164e-8,2.4412185207218954e-8,7.558333859597835e-9,9.299138577017489e-10,2.5730406848337336e-10,6.928891353941338e-11,1.7165274512281377e-11,3.646333608043066e-12,1.192466391615513e-12,3.737203731431134e-13,8.831933280866869e-14,2.5879765107202824e-14,0,0,0,0,0,0,0,0,0,0,0,0,0,0,0,0,0,0,0,0,0,0,0,0,0,0,0,0,0,0,0,0,0,0,0,0,0,0,0,0,0,0,0,0,0,0,0,0,0,0,0,0,0,0,0,0,0,0,0,0,0,0,0,0,0,0,0,0,0,0,0,0,0,0,0,0,0,0,0,0,0,0],[0,0,0,0,0,0,0,0,0,0,0,0,0,0,0,0,0,0,0,0,0,0,0,0,0,0,0,0,0,0,0,0,0,0,0,0,0,0,0,0,0,0,0,0,0,0,0,0,0,0,0,0,0,0,0,0,0,0,0,0,0,0,0,0,0,0,0,0,0,0,0,0,0,0,0,0,0,0,0,0,0,0,0,0,0,0,0,0,0,0,0,0,0,0,0,0,0,0,0,0,0,0,0,0,0,0,0,7.85751512345851e-9,2.7329111650451693e-8,9.019202516390867e-8,2.846322771952637e-7,8.595389888040647e-7,0.0000024839683255196535,0.000006869610317091919,0.000018181291822639185,0.00004604951288161507,0.00011161798928035188,0.0002589127755664481,0.0005747570267803183,0.0012210350678011528,0.002482485235299862,0.004830162082535247,0.008994047960950043,0.016027630373238344,0.027334203982466918,0.044613792308461415,0.06968837129140586,0.1041797021285292,0.14905310297773,0.20409760414475953,0.2674718281854506,0.3354796576568312,0.40272410562376093,0.4627093086213524,0.5088322084876826,0.5355672884891817,0.5395538705114015,0.5202907845398443,0.48024006253194496,0.4243099967928875,0.35886736171335776,0.2905530303106153,0.22520318702721545,0.16710928134530248,0.11872042996279501,0.08075590428972006,0.05259880014040273,0.03280675787864634,0.019596349311724815,0.011211306743058497,0.0061441116104653075,0.0032258633336157026,0.0016228975046001187,0.0007824994230052554,0.0003616878954546398,0.00016031558389680473,0.00006816756463398062,0.00002781974350153274,0.000010903705560907192,0.000004107636318434657,0.0000014888886098489285,5.199674335872478e-7,1.7526612580461031e-7,5.714828560707218e-8,1.8076307042319286e-8,2.7099356930178314e-9,8.102958904975037e-10,2.3992078883348574e-10,6.801124440990286e-11,1.801743717267551e-11,6.128856213930865e-12,2.0023149016817937e-12,5.528073612310004e-13,1.6904178841885748e-13,2.564544792269141e-14,7.51475523197258e-15,0,0,0,0,0,0,0,0,0,0,0,0,0,0,0,0,0,0,0,0,0,0,0,0,0,0,0,0,0,0,0,0,0,0,0,0,0,0,0,0,0,0,0,0,0,0,0,0,0,0,0,0,0,0,0,0,0,0,0,0,0,0,0,0,0,0,0,0,0,0,0,0,0,0,0,0,0,0,0,0],[0,0,0,0,0,0,0,0,0,0,0,0,0,0,0,0,0,0,0,0,0,0,0,0,0,0,0,0,0,0,0,0,0,0,0,0,0,0,0,0,0,0,0,0,0,0,0,0,0,0,0,0,0,0,0,0,0,0,0,0,0,0,0,0,0,0,0,0,0,0,0,0,0,0,0,0,0,0,0,0,0,0,0,0,0,0,0,0,0,0,0,0,0,0,0,0,0,0,0,0,0,0,0,0,0,0,0,1.6111619903468655e-8,5.6090719192315266e-8,1.8514386286835955e-7,5.843309667522754e-7,0.000001764691666162387,0.000005100093273145649,0.000014105702330306862,0.000037335310211265374,0.00009457023834835669,0.00022924517949175964,0.0005318123248923188,0.0011806756801241308,0.0025085258973196146,0.005100634298573523,0.00992543298371323,0.018484029651277448,0.032943385908665475,0.05619101756867576,0.09172666863678955,0.14330379285372466,0.21426770097528333,0.30661733096598054,0.41993501470966405,0.550449903982318,0.6905725444407591,0.8292065140538157,0.9529822053433366,1.0482941562053638,1.1037388592551176,1.1123560938830517,1.0730659262858067,0.9908915086580319,0.8759041197746825,0.741196223335977,0.6004453086907079,0.46569029803038914,0.3458016187948323,0.2458605362342434,0.16738336936129192,0.10912687945902053,0.06813760584019007,0.04074967255258888,0.02334522844237697,0.012813677445025776,0.006739521578470305,0.0033974950974732638,0.0016420267337886602,0.0007610972559754606,0.0003384746276908453,0.0001445045354243082,0.000059268965132793484,0.000023377254003482005,0.00000887894409783817,0.000003253280616494916,0.0000011527821966357378,3.963487114801154e-7,1.3279827160288825e-7,4.3595632371260725e-8,8.256616035979065e-9,2.7428494719937305e-9,9.186790633966125e-10,3.0399883186515026e-10,9.852347197341576e-11,3.593392659229064e-11,1.2640762133397257e-11,4.059592534891012e-12,1.3401903304198313e-12,3.500606048209218e-13,1.0963193708418795e-13,2.564544792269141e-14,7.51475523197258e-15,0,0,0,0,0,0,0,0,0,0,0,0,0,0,0,0,0,0,0,0,0,0,0,0,0,0,0,0,0,0,0,0,0,0,0,0,0,0,0,0,0,0,0,0,0,0,0,0,0,0,0,0,0,0,0,0,0,0,0,0,0,0,0,0,0,0,0,0,0,0,0,0,0,0,0,0,0,0],[0,0,0,0,0,0,0,0,0,0,0,0,0,0,0,0,0,0,0,0,0,0,0,0,0,0,0,0,0,0,0,0,0,0,0,0,0,0,0,0,0,0,0,0,0,0,0,0,0,0,0,0,0,0,0,0,0,0,0,0,0,0,0,0,0,0,0,0,0,0,0,0,0,0,0,0,0,0,0,0,0,0,0,0,0,0,0,0,0,0,0,0,0,0,0,0,0,0,0,0,0,0,0,0,0,0,0,3.162478753750813e-8,1.1021242286679595e-7,3.6386021717652423e-7,0.0000011484760432303018,0.000003468675448279791,0.000010025474877511581,0.000027730359478843056,0.0000734034709463806,0.00018594718761529561,0.0004507918643248946,0.0010458697498233506,0.002322180634163551,0.0049343870322082675,0.010034399049863266,0.019528676163824293,0.03637307973308212,0.06483596642888964,0.11060726015790552,0.18058697162122664,0.28218120630177934,0.4220003373261057,0.6040114200264356,0.8274280531583804,1.0848601066664574,1.361388109147241,1.635166260105054,1.8798426173392722,2.0685664150798595,2.1787917006773805,2.196702764114804,2.1200626158892115,1.9586730425634757,1.7323153835799368,1.4667690596480203,1.1890133563353595,0.9228375188776068,0.685810150669643,0.4880376254543559,0.3325896168862171,0.21707555908856568,0.13570871384751437,0.08127467119591952,0.04663586269881976,0.025643783114764996,0.01351570462485587,0.006829827144637135,0.0033101324152424276,0.0015393486036511608,0.0006872778783732712,0.0002948204610571007,0.00012163199552336278,0.000048326952685454754,0.00001852578334449106,0.000006868822339366175,0.0000024713706748131845,8.665701948524842e-7,2.9770946751476867e-7,1.008291138975562e-7,2.2390604653148096e-8,7.80477468683724e-9,2.7330214099341358e-9,9.44533662146796e-10,3.192076199223557e-10,1.1707796903550666e-10,4.140547954374528e-11,1.3456101487994913e-11,4.458114537640688e-12,1.192466391615513e-12,3.737203731431134e-13,8.831933280866869e-14,2.5879765107202824e-14,0,0,0,0,0,0,0,0,0,0,0,0,0,0,0,0,0,0,0,0,0,0,0,0,0,0,0,0,0,0,0,0,0,0,0,0,0,0,0,0,0,0,0,0,0,0,0,0,0,0,0,0,0,0,0,0,0,0,0,0,0,0,0,0,0,0,0,0,0,0,0,0,0,0,0,0,0,0],[0,0,0,0,0,0,0,0,0,0,0,0,0,0,0,0,0,0,0,0,0,0,0,0,0,0,0,0,0,0,0,0,0,0,0,0,0,0,0,0,0,0,0,0,0,0,0,0,0,0,0,0,0,0,0,0,0,0,0,0,0,0,0,0,0,0,0,0,0,0,0,0,0,0,0,0,0,0,0,0,0,0,0,0,0,0,0,0,0,0,0,0,0,0,0,0,0,0,0,0,0,0,0,0,0,0,0,5.942292181366278e-8,2.0732491179058178e-7,6.846249494896332e-7,0.000002161138808606677,0.000006527695704499528,0.00001886847339703615,0.000052194540013545764,0.0001381739887082547,0.000350059580786999,0.0008487383295658857,0.001969353570182956,0.004373142554444265,0.009293640117828355,0.018901782809648614,0.036791461846125834,0.06853644820992762,0.12218830071055128,0.20848493019863115,0.34045570848467466,0.532098195110931,0.7959264364008626,1.139486899721552,1.5613737548070412,2.0477270878413876,2.5704680850357544,3.0884133739536255,3.551818716547101,3.909925700752326,4.120026432590479,4.155833615070101,4.0128918688619555,3.7094908697284876,3.282821399747398,2.7814891842653777,2.2564653055581907,1.752784517167173,1.3037923631559762,0.9287623992336292,0.6336641163458382,0.4141149473641433,0.2592672223419491,0.1555276473494902,0.08940933666411943,0.04926891841111658,0.026031594123454363,0.013192271139852878,0.006415412655487118,0.0029954913093873025,0.0013439434529580613,0.0005799674914305147,0.0002410611636078225,0.00009668279382243996,0.00003750953875864553,0.000014123034786706683,0.00000518260119595732,0.000001863267637924471,6.602863485483573e-7,2.320796719427609e-7,5.975951415032622e-8,2.1773228490801574e-8,7.928767067458544e-9,2.8421408677943368e-9,9.937457048216965e-10,3.6645756298335125e-10,1.302617736814746e-10,4.279557835453004e-11,1.4226516066282497e-11,3.888611352080739e-12,1.2195367794479992e-12,2.9106608921874717e-13,8.528961644187236e-14,0,0,0,0,0,0,0,0,0,0,0,0,0,0,0,0,0,0,0,0,0,0,0,0,0,0,0,0,0,0,0,0,0,0,0,0,0,0,0,0,0,0,0,0,0,0,0,0,0,0,0,0,0,0,0,0,0,0,0,0,0,0,0,0,0,0,0,0,0,0,0,0,0,0,0,0,0,0],[0,0,0,0,0,0,0,0,0,0,0,0,0,0,0,0,0,0,0,0,0,0,0,0,0,0,0,0,0,0,0,0,0,0,0,0,0,0,0,0,0,0,0,0,0,0,0,0,0,0,0,0,0,0,0,0,0,0,0,0,0,0,0,0,0,0,0,0,0,0,0,0,0,0,0,0,0,0,0,0,0,0,0,0,0,0,0,0,0,0,0,0,0,0,0,0,0,0,0,0,0,0,0,0,0,0,0,1.0688626450954765e-7,3.733889986873255e-7,0.000001233312629121687,0.000003893598381477558,0.000011761646195838056,0.00003400044161163765,0.00009406215267574167,0.00024903525708031194,0.0006309923092464207,0.0015300532852151642,0.0035506708434787427,0.007885658150413652,0.01676068147813856,0.03409371724519078,0.06637262934556232,0.12366277985547577,0.2205098367375905,0.37632229860509975,0.6146663306239611,0.9608847982352688,1.4376763266729462,2.0588035059088705,2.821885674349076,3.702049308630518,4.648701449941567,5.587495433067067,6.428494839159619,7.0797809551627635,7.463834904032469,7.532703463805555,7.277852585539938,6.731909924829224,5.961804029971801,5.055290928165969,4.104609811733962,3.1914439171172737,2.3764540937261747,1.694890622264942,1.1579086080169199,0.7578554557566962,0.475278433669954,0.2856561313365699,0.1645791418800522,0.09092169826417007,0.04818135273064076,0.024502421941666994,0.011965091985533206,0.005614869482513195,0.002534735483759717,0.0011023145408303224,0.0004626869805214904,0.00018793319966712356,0.00007412577641068755,0.000028522057686423322,0.000010768881195056925,0.000004017536602795875,0.0000014922133678806735,5.557423047171904e-7,1.6979041412840967e-7,6.67821989681649e-8,2.6367519735112694e-8,1.03382051939705e-8,3.999800951922043e-9,1.590302124427331e-9,6.158173711128886e-10,2.273629568555074e-10,8.387354574050838e-11,2.8218836876443477e-11,9.944983853317393e-12,3.1581922324942462e-12,1.0517595737185903e-12,2.6174127201225314e-13,8.375217197698513e-14,2.564544792269141e-14,7.51475523197258e-15,0,0,0,0,0,0,0,0,0,0,0,0,0,0,0,0,0,0,0,0,0,0,0,0,0,0,0,0,0,0,0,0,0,0,0,0,0,0,0,0,0,0,0,0,0,0,0,0,0,0,0,0,0,0,0,0,0,0,0,0,0,0,0,0,0,0,0,0,0,0,0,0,0,0],[0,0,0,0,0,0,0,0,0,0,0,0,0,0,0,0,0,0,0,0,0,0,0,0,0,0,0,0,0,0,0,0,0,0,0,0,0,0,0,0,0,0,0,0,0,0,0,0,0,0,0,0,0,0,0,0,0,0,0,0,0,0,0,0,0,0,0,0,0,0,0,0,0,0,0,0,0,0,0,0,0,0,0,0,0,0,0,0,0,0,0,0,0,0,0,0,0,0,0,0,0,0,0,0,0,0,0,1.8404957553916607e-7,6.438262674086167e-7,0.00000212718875691108,0.000006716426557758847,0.000020290825521889315,0.000058662457156941793,0.00016230707999421393,0.00042976717814088676,0.0010890543381434498,0.0026411228427628054,0.006129891605752612,0.01361584982522157,0.028944586171124824,0.05888758157280288,0.11466142459666144,0.21367415412055457,0.3810938086461837,0.6505215125224335,1.0627874661213037,1.6618501029500774,2.487162899804887,3.562792820023774,4.8849334562213125,6.4108729782868705,8.053336380744287,9.68379362882274,11.146497501316787,12.281975690067624,12.955386863189645,13.082847932107224,12.648634797644513,11.70837997567823,10.377366973603689,8.8073198111087,7.1581341580420785,5.571776130330871,4.154029355691764,2.9667379614355256,2.0299399679512833,1.330924645697582,0.8363270241489863,0.503797075901595,0.2910184173781401,0.16126163288505424,0.08576122202606516,0.0437988591361883,0.02149763237284825,0.010151531210135943,0.004618483269173313,0.002028258846929301,0.0008620320739407716,0.00035579306318831594,0.00014325382417243988,0.00005658737386930973,0.0000220782425018461,0.00000857042642752374,0.0000033327149725291952,0.0000013048319417899433,4.486122851549221e-7,1.836999631934591e-7,7.507964502445709e-8,3.0360462264051646e-8,1.207792748507828e-8,4.8634235168377465e-9,1.9069131680450718e-9,7.15471476900814e-10,2.667100272552223e-10,9.165204109707647e-11,3.2521245294789544e-11,1.0485437506558294e-11,3.507559209677485e-12,9.014003023967658e-13,2.88430756701241e-13,8.831933280866869e-14,2.5879765107202824e-14,0,0,0,0,0,0,0,0,0,0,0,0,0,0,0,0,0,0,0,0,0,0,0,0,0,0,0,0,0,0,0,0,0,0,0,0,0,0,0,0,0,0,0,0,0,0,0,0,0,0,0,0,0,0,0,0,0,0,0,0,0,0,0,0,0,0,0,0,0,0,0,0,0,0],[0,0,0,0,0,0,0,0,0,0,0,0,0,0,0,0,0,0,0,0,0,0,0,0,0,0,0,0,0,0,0,0,0,0,0,0,0,0,0,0,0,0,0,0,0,0,0,0,0,0,0,0,0,0,0,0,0,0,0,0,0,0,0,0,0,0,0,0,0,0,0,0,0,0,0,0,0,0,0,0,0,0,0,0,0,0,0,0,0,0,0,0,0,0,0,0,0,0,0,0,0,0,0,0,0,0,0,3.033864951882872e-7,0.0000010628731953434883,0.0000035128702912903673,0.00001109317232798469,0.00003351715217378085,0.00009691183144323797,0.00026816759558353175,0.0007101625229506719,0.0017998377635973781,0.004365516789194679,0.01013368452769328,0.022512902915349745,0.0478664577429765,0.0974025543363353,0.1896935742335724,0.35357574336061376,0.6307607780840193,1.0769724174841164,1.7599812585970116,2.7528439156257547,4.1212831958327545,5.905663745305038,8.100267232358098,10.634923939226782,13.36549565829438,16.079182952608033,18.51762340329757,20.415724243951175,21.548674029778763,21.775734692425665,21.06903205221178,19.519199404604034,17.316291890367868,14.71151646275735,11.970407909977762,9.329425746465976,6.9654360637356865,4.9825460884757256,3.4153687874672234,2.243857722021676,1.413290014977317,0.8536439594524665,0.49464703785104747,0.27510249490930366,0.14694031383002523,0.07543683337278645,0.03726352410160221,0.017736204291840717,0.00814978571166299,0.0036246056316918737,0.001565663421470462,0.0006597971289781884,0.0002728058779712075,0.00011141597276783196,0.00004527612285030022,0.00001843543813996542,0.000007562300513819483,0.000003133735291493538,0.0000012010901563357138,5.162895831988677e-7,2.2115297279621274e-7,9.379357751658769e-8,3.920685317782179e-8,1.6430803468942162e-8,6.728097024134745e-9,2.6597125083662636e-9,1.0398061257582133e-9,3.8305977420096364e-10,1.4257130923328438e-10,4.950665149362135e-11,1.7364106335174493e-11,5.210908843286745e-12,1.733333450196998e-12,5.528073612310004e-13,1.6904178841885748e-13,2.564544792269141e-14,7.51475523197258e-15,0,0,0,0,0,0,0,0,0,0,0,0,0,0,0,0,0,0,0,0,0,0,0,0,0,0,0,0,0,0,0,0,0,0,0,0,0,0,0,0,0,0,0,0,0,0,0,0,0,0,0,0,0,0,0,0,0,0,0,0,0,0,0,0,0,0,0,0,0,0,0,0],[0,0,0,0,0,0,0,0,0,0,0,0,0,0,0,0,0,0,0,0,0,0,0,0,0,0,0,0,0,0,0,0,0,0,0,0,0,0,0,0,0,0,0,0,0,0,0,0,0,0,0,0,0,0,0,0,0,0,0,0,0,0,0,0,0,0,0,0,0,0,0,0,0,0,0,0,0,0,0,0,0,0,0,0,0,0,0,0,0,0,0,0,0,0,0,0,0,0,0,0,0,0,0,0,0,0,0,4.787509124894127e-7,0.0000016799976337016895,0.000005554604483153741,0.000017543505757071092,0.00005301317454549281,0.00015330219633920882,0.00042426409702756165,0.0011236989572742495,0.0028483407447626253,0.006909793536984043,0.016042515222617054,0.03564655094828125,0.07580606786281872,0.15428934273492925,0.30055081638703407,0.5603442294450387,0.9998904295251188,1.707719467110995,2.791605284324528,4.367896707316317,6.541538695538001,9.37747622675321,12.867699335779607,16.901930553081026,21.252263438499185,25.581271248567695,29.47837319218995,32.521296457610056,34.350734455509446,34.740151688899765,33.641998905730325,31.19729461526357,27.705898152856747,23.566118235859946,19.200434823090028,14.986340364265217,11.207412363861255,8.031853072843777,5.517178092903547,3.633442476665479,2.2948462413536035,1.3905599874916517,0.8087934329016232,0.4518227475865818,0.24262417844845022,0.1253722445774782,0.062429656766424126,0.030014739661920097,0.013968364276974558,0.006313921639091843,0.002784257011741127,0.0012043941494329588,0.000514399108177648,0.0002184531878006467,0.00009286421722369815,0.00003972151378172788,0.000017141633014088325,0.000007461335695780356,0.000003092716422479703,0.0000013742413316231871,6.059112403515161e-7,2.6376006572032285e-7,1.1291973018213325e-7,4.807374394687206e-8,1.9985212697965758e-8,8.034032407137867e-9,3.1800353285767545e-9,1.193050149675405e-9,4.478446770680878e-10,1.5767585900469292e-10,5.562755117126718e-11,1.7083797689167688e-11,5.6935846074937506e-12,1.8193476730408855e-12,5.574122081860368e-13,8.831933280866869e-14,2.5879765107202824e-14,0,0,0,0,0,0,0,0,0,0,0,0,0,0,0,0,0,0,0,0,0,0,0,0,0,0,0,0,0,0,0,0,0,0,0,0,0,0,0,0,0,0,0,0,0,0,0,0,0,0,0,0,0,0,0,0,0,0,0,0,0,0,0,0,0,0,0,0,0,0,0,0],[0,0,0,0,0,0,0,0,0,0,0,0,0,0,0,0,0,0,0,0,0,0,0,0,0,0,0,0,0,0,0,0,0,0,0,0,0,0,0,0,0,0,0,0,0,0,0,0,0,0,0,0,0,0,0,0,0,0,0,0,0,0,0,0,0,0,0,0,0,0,0,0,0,0,0,0,0,0,0,0,0,0,0,0,0,0,0,0,0,0,0,0,0,0,0,0,0,0,0,0,0,0,0,0,0,0,0,7.232331479523275e-7,0.000002542492301603843,0.000008409918815909792,0.000026566484291768183,0.00008029058785692711,0.0002322151487224958,0.0006427525284356814,0.0017026570671880275,0.004316616832565196,0.01047360170240662,0.024321389055061267,0.05405356594429893,0.11497627767289609,0.23406945998238896,0.45607792416346304,0.8505441320346538,1.5181842328306039,2.593754837684565,4.241485270178709,6.638962703338581,9.946844668767003,14.265401814167285,19.58430803460389,25.737799824713736,32.38087789619594,39.00108998387303,44.973309414004696,49.65287913180547,52.48918933783591,53.132320881265585,51.504207295973046,47.814285291708664,42.51528470330938,36.21202762098706,29.548578754119593,23.102639858248565,17.31031823904955,12.43251978184002,8.561216242261594,5.654193454017839,3.5828999221865288,2.179425135259901,1.2734069443746636,0.7152656945286021,0.3866446427521138,0.20143003102324783,0.1013293078660403,0.04934586273322331,0.02334149488284875,0.010770801907623756,0.0048746632765795505,0.0021775168539172165,0.0009666326453456593,0.0004292167940969057,0.0001916269905784472,0.00008627283445883103,0.00003918107582698828,0.00001791670488813916,0.000007960629831014242,0.0000036860010637858,0.0000016966833109435013,7.746561315246916e-7,3.502793389140643e-7,1.580322064555013e-7,7.03894608163313e-8,3.079333046961696e-8,1.3374912751572156e-8,5.6486775319727504e-9,2.382443656778752e-9,9.715617428388359e-10,3.936283377277783e-10,1.504895411006056e-10,5.82596758661019e-11,2.1820792884559576e-11,7.897732853866709e-12,2.5313109510688734e-12,8.68067738675667e-13,2.6174127201225314e-13,8.375217197698513e-14,2.564544792269141e-14,7.51475523197258e-15,0,0,0,0,0,0,0,0,0,0,0,0,0,0,0,0,0,0,0,0,0,0,0,0,0,0,0,0,0,0,0,0,0,0,0,0,0,0,0,0,0,0,0,0,0,0,0,0,0,0,0,0,0,0,0,0,0,0,0,0,0,0,0,0,0,0,0,0],[0,0,0,0,0,0,0,0,0,0,0,0,0,0,0,0,0,0,0,0,0,0,0,0,0,0,0,0,0,0,0,0,0,0,0,0,0,0,0,0,0,0,0,0,0,0,0,0,0,0,0,0,0,0,0,0,0,0,0,0,0,0,0,0,0,0,0,0,0,0,0,0,0,0,0,0,0,0,0,0,0,0,0,0,0,0,0,0,0,0,0,0,0,0,0,0,0,0,0,0,0,0,0,0,0,0,0,0.0000010459374325783105,0.000003684208264594369,0.000012192476936460714,0.00003852336235042004,0.000116446365087479,0.0003368375724112205,0.0009324960223159339,0.002470634745748643,0.006264815779603879,0.01520372752260358,0.03531326583304297,0.07850117678612904,0.16702051032096807,0.34011373978434284,0.6628957123451958,1.2366291005346004,2.208076886535505,3.773787554465862,6.173595518962695,9.667324868575783,14.49081998280704,20.79268142444357,28.56095868997247,37.55738387102249,47.28197344090365,56.98928331913333,65.76734091292583,72.67280318949656,76.89648945746372,77.91955344831662,75.61861834589544,70.29037431056645,62.58883666216488,53.3935554803377,43.645406214003266,34.19203191332941,25.67687699135649,18.488610388309798,12.76881152396318,8.461625409100646,5.383095714638166,3.2897571767813134,1.9329016585234515,1.0930566795247545,0.5957823797906558,0.31359861892936736,0.15980863242268398,0.07910499994986495,0.0381968221909354,0.01808606811096086,0.008449053725826886,0.0039198519809104295,0.0018173893275747353,0.0008462786954123088,0.00039694635456610474,0.00018764544903373612,0.00008927000204570977,0.00004263046919122663,0.00001999871177239764,0.000009597141604767291,0.000004582762929966039,0.0000021760000665459115,0.0000010268846904441163,4.83882968405193e-7,2.2610981199303348e-7,1.0435209600180319e-7,4.7828276775200595e-8,2.145652137289859e-8,9.553206239582001e-9,4.132677931078076e-9,1.761333452512824e-9,7.174710386138096e-10,2.898212588772058e-10,1.1307428458763524e-10,4.255150997764355e-11,1.4768433682797172e-11,5.205004593414786e-12,1.6841784246305604e-12,5.501720287134941e-13,1.7207150478565381e-13,5.152521302989424e-14,7.51475523197258e-15,0,0,0,0,0,0,0,0,0,0,0,0,0,0,0,0,0,0,0,0,0,0,0,0,0,0,0,0,0,0,0,0,0,0,0,0,0,0,0,0,0,0,0,0,0,0,0,0,0,0,0,0,0,0,0,0,0,0,0,0,0,0,0,0,0,0,0],[0,0,0,0,0,0,0,0,0,0,0,0,0,0,0,0,0,0,0,0,0,0,0,0,0,0,0,0,0,0,0,0,0,0,0,0,0,0,0,0,0,0,0,0,0,0,0,0,0,0,0,0,0,0,0,0,0,0,0,0,0,0,0,0,0,0,0,0,0,0,0,0,0,0,0,0,0,0,0,0,0,0,0,0,0,0,0,0,0,0,0,0,0,0,0,0,0,0,0,0,0,0,0,0,0,0,0,0.0000014480882677173264,0.0000051117846390624905,0.000016926560738282156,0.000053493822183447475,0.00016172823861602958,0.0004679047777714744,0.0012955856164775254,0.003433329622396994,0.008707812842269942,0.021137385338525133,0.04910736412016657,0.10919437075007207,0.23239015713513858,0.47337489800146676,0.9229316523988546,1.7223373027456181,3.0765187818346553,5.260207701078028,8.60911429449059,13.487696514596417,20.228031858178987,29.041584886261177,39.91662965652535,52.52575067301998,66.17527439022234,79.82650550457119,92.20450640417364,101.98588401665737,108.02993619455037,109.59791427098936,106.50209587551674,99.14298737350778,88.42442179745126,75.57134980552719,61.900982580052634,48.60596486780172,36.59733031729755,26.43133057728302,18.317844784900515,12.188117457150277,7.790902906547616,4.788418900050609,2.8328623432940208,1.615526853942579,0.8897859519750033,0.4744918934341056,0.2457885603870111,0.12419043508522808,0.06152049545630138,0.030055163565870225,0.014572062920960117,0.0070537607975096235,0.0034251847930470737,0.0016730900773354789,0.0008225519572249654,0.00040648043655276505,0.0002014220501269683,0.00009982386276381633,0.00004884442134291674,0.000024143687257651276,0.000011865375403075109,0.0000057960348084949545,0.0000028128477800286273,0.000001359586325924245,6.511656578115286e-7,3.0787214482151546e-7,1.440856272788928e-7,6.600253448467715e-8,2.98464043852824e-8,1.3111199913171367e-8,5.648348743063671e-9,2.331766342981979e-9,9.478107030206916e-10,3.71770910343198e-10,1.4053777893620396e-10,4.9325722777046267e-11,1.7411104894400526e-11,5.666442261516483e-12,1.8519556303599692e-12,5.794968459199882e-13,1.7360894925054105e-13,2.5879765107202824e-14,0,0,0,0,0,0,0,0,0,0,0,0,0,0,0,0,0,0,0,0,0,0,0,0,0,0,0,0,0,0,0,0,0,0,0,0,0,0,0,0,0,0,0,0,0,0,0,0,0,0,0,0,0,0,0,0,0,0,0,0,0,0,0,0,0,0,0],[0,0,0,0,0,0,0,0,0,0,0,0,0,0,0,0,0,0,0,0,0,0,0,0,0,0,0,0,0,0,0,0,0,0,0,0,0,0,0,0,0,0,0,0,0,0,0,0,0,0,0,0,0,0,0,0,0,0,0,0,0,0,0,0,0,0,0,0,0,0,0,0,0,0,0,0,0,0,0,0,0,0,0,0,0,0,0,0,0,0,0,0,0,0,0,0,0,0,0,0,0,0,0,0,0,0,0,0.000001919329356290244,0.000006791342377670013,0.000022502919175446967,0.0000711363032578359,0.00021511202707652835,0.000622476385074481,0.0017239471387452973,0.0045695371602332575,0.011592350779055901,0.0281466638104963,0.0654099303354112,0.1454881522639682,0.30973134215316905,0.6311365575737056,1.2309771526980136,2.2981256957087575,4.106807045623254,7.02509531316541,11.50348473861925,18.032217475348624,27.059897991454136,38.87559269268627,53.471244846427986,70.41688659371424,88.7912318695926,107.20785440198168,123.9585345366644,137.26307346092426,145.57856512689852,147.8945819425903,143.9360969573937,134.2176349501247,119.93383740754332,102.71848358191525,84.33899447770736,66.40481710184443,50.15412037982995,36.35200147607401,25.2981665550229,16.915081986270202,10.87554460099029,6.731287253045155,4.0164522006449515,2.314775312705175,1.2917439765522387,0.7002323983317318,0.3702302739069199,0.1918737982683537,0.09802743605063903,0.04966979107433434,0.025103126629143616,0.012712259846746737,0.006467471820853898,0.0033075544755959566,0.001698325544704344,0.0008736180764827216,0.00044913305616923365,0.00023031840556893537,0.00011696199068644474,0.00005958729324265294,0.000030192134441730584,0.000015215811245009163,0.000007623888949892004,0.000003801715364629336,0.000001879221022101444,9.17577063504967e-7,4.4280274213157086e-7,2.093806786837731e-7,9.742406884188281e-8,4.409062350160542e-8,1.951295267357683e-8,8.310833173551966e-9,3.4657957130470086e-9,1.3957037206151358e-9,5.42163512397166e-10,1.9815029995745433e-10,7.186876784911952e-11,2.4388338818582144e-11,8.208715170700632e-12,2.651280820841118e-12,8.217888127157962e-13,1.6904178841885748e-13,2.564544792269141e-14,7.51475523197258e-15,0,0,0,0,0,0,0,0,0,0,0,0,0,0,0,0,0,0,0,0,0,0,0,0,0,0,0,0,0,0,0,0,0,0,0,0,0,0,0,0,0,0,0,0,0,0,0,0,0,0,0,0,0,0,0,0,0,0,0,0,0,0,0,0,0],[0,0,0,0,0,0,0,0,0,0,0,0,0,0,0,0,0,0,0,0,0,0,0,0,0,0,0,0,0,0,0,0,0,0,0,0,0,0,0,0,0,0,0,0,0,0,0,0,0,0,0,0,0,0,0,0,0,0,0,0,0,0,0,0,0,0,0,0,0,0,0,0,0,0,0,0,0,0,0,0,0,0,0,0,0,0,0,0,0,0,0,0,0,0,0,0,0,0,0,0,0,0,0,0,0,0,0,0.0000024354108221332566,0.000008639822925939999,0.000028649752884579922,0.00009059586272380076,0.00027402192822523387,0.0007931238332724676,0.002197081936772928,0.00582513672936994,0.014781714679765736,0.03590113915222678,0.0834569197005191,0.1856922926580842,0.39546691841197273,0.806156427377086,1.5730058972004142,2.938009616351042,5.25289800566889,8.990418673778933,14.730237861704083,23.104883703537908,34.69597465742601,49.88325958727468,68.66769708948766,90.50993631566014,114.23875213057025,138.0813252130504,159.84381070237026,177.2295262143879,188.2354900100835,191.5335591033749,186.7356946231913,174.4698249935997,156.24567163965833,134.14995344489608,110.45579593775425,87.24668401504601,66.13834652899665,48.14254259748304,33.6716496875784,22.647997706306572,14.665797245787791,9.156284265475788,5.521934693959814,3.2247104258244295,1.8293324605826256,1.0121019638827273,0.5487502501202259,0.2931786224032041,0.15524405635508995,0.08191981028787815,0.04326427809033971,0.02292673890882594,0.012197501967682588,0.006507848483666333,0.0034749488406463397,0.001852807513153992,0.0009846449230063777,0.0005209299216024859,0.0002733295726531051,0.00014327198485798183,0.00007467595373497442,0.00003869954737534491,0.00001992515397161896,0.000010189631432161114,0.000005157446657899788,0.0000025745180187268208,0.000001266387500616392,6.095884221917131e-7,2.8766988333334577e-7,1.3191611321237682e-7,5.8972485154972896e-8,2.539367990632989e-8,1.0661803058303971e-8,4.3197725084266265e-9,1.687246067320509e-9,6.226082222110945e-10,2.2660240884786537e-10,7.742261369920577e-11,2.6131120446139403e-11,8.463932398204877e-12,2.631128602638507e-12,5.574122081860368e-13,8.831933280866869e-14,2.5879765107202824e-14,0,0,0,0,0,0,0,0,0,0,0,0,0,0,0,0,0,0,0,0,0,0,0,0,0,0,0,0,0,0,0,0,0,0,0,0,0,0,0,0,0,0,0,0,0,0,0,0,0,0,0,0,0,0,0,0,0,0,0,0,0,0,0,0,0],[0,0,0,0,0,0,0,0,0,0,0,0,0,0,0,0,0,0,0,0,0,0,0,0,0,0,0,0,0,0,0,0,0,0,0,0,0,0,0,0,0,0,0,0,0,0,0,0,0,0,0,0,0,0,0,0,0,0,0,0,0,0,0,0,0,0,0,0,0,0,0,0,0,0,0,0,0,0,0,0,0,0,0,0,0,0,0,0,0,0,0,0,0,0,0,0,0,0,0,0,0,0,0,0,0,0,0,0.000002958463609102481,0.000010525246227702974,0.000034932965281779906,0.0001105042161183633,0.0003343287591485133,0.0009679200930575787,0.0026820230677713575,0.007112932243831688,0.018055210578802005,0.04386630565218241,0.10200959500615978,0.22705974687744063,0.4837677188653812,0.9865987890496186,1.9260234762548378,3.59924457897415,6.438766554479901,11.026805901173358,18.078747259467338,28.37763262296657,42.647442588414464,61.36786397430545,84.55613762364263,111.56641669029962,140.9736087420301,170.6059483097317,197.7623330671997,219.60033252023229,233.62345103772176,238.15321389924762,232.66228940523763,217.87678755710087,195.62007843396069,168.44421931625527,139.15164822890773,110.33016944955526,84.00476982602079,61.462252984926636,43.249456254012195,29.302340667217972,19.142562331621733,12.08063948468835,7.382939033206832,4.382988719970114,2.5374719418880245,1.4392978927079503,0.804124446351911,0.44497426986672817,0.24515788792256418,0.13503431885633904,0.07453973867551138,0.041259214766526636,0.022877319593498712,0.01268252358512076,0.007014685246464719,0.003864199780199072,0.0021178051964144727,0.0011542358755476413,0.0006245170878215301,0.00033684034101624224,0.0001806599923316674,0.00009632228314991705,0.00005099911941780589,0.000026786945245073743,0.000013913464441790787,0.000007123212602285344,0.000003589169988962567,0.0000017704919824828939,8.554839177240339e-7,4.023999034143195e-7,1.846352944063374e-7,8.198280598992433e-8,3.552184875322425e-8,1.491966543642491e-8,6.073307515784885e-9,2.366462863129795e-9,9.081494961866925e-10,3.326418176178189e-10,1.2015787964677945e-10,4.201228056111863e-11,1.4220883858366497e-11,4.002581119410951e-12,1.0738442114525418e-12,3.470308884541255e-13,8.375217197698513e-14,2.564544792269141e-14,7.51475523197258e-15,0,0,0,0,0,0,0,0,0,0,0,0,0,0,0,0,0,0,0,0,0,0,0,0,0,0,0,0,0,0,0,0,0,0,0,0,0,0,0,0,0,0,0,0,0,0,0,0,0,0,0,0,0,0,0,0,0,0,0,0,0,0],[0,0,0,0,0,0,0,0,0,0,0,0,0,0,0,0,0,0,0,0,0,0,0,0,0,0,0,0,0,0,0,0,0,0,0,0,0,0,0,0,0,0,0,0,0,0,0,0,0,0,0,0,0,0,0,0,0,0,0,0,0,0,0,0,0,0,0,0,0,0,0,0,0,0,0,0,0,0,0,0,0,0,0,0,0,0,0,0,0,0,0,0,0,0,0,0,0,0,0,0,0,0,0,0,0,0,0,0.000003440601890547747,0.000012278650361519145,0.00004079489099458512,0.00012910117325352888,0.0003907147403579601,0.0011314887312523286,0.00313622136432526,0.008320247250081918,0.021127284311621603,0.05134960913282952,0.11946053576584317,0.2660201305343939,0.5670443066480735,1.157024892079683,2.2599745768243724,4.225837452069084,7.564585288919402,12.963938255962663,21.270934330954006,33.415995717196935,50.26473242012958,72.40010335058983,99.86442077278927,131.92006659539797,166.90772471753817,202.27845500463508,234.8435090058247,255,255,255,255,255,235.53213954891862,203.50531638331807,168.77385968145995,134.42218544103608,102.88843415740378,75.74721179951737,53.697465965958955,36.70734597387526,24.242332877689588,15.504670543518712,9.632645114535064,5.8354139173874575,3.4626569763986508,2.0229351488194447,1.1697881663709526,0.6728924145630502,0.3865484985169003,0.22227828093289254,0.1280177424530483,0.07377724027125705,0.04246912201644065,0.024370343641169433,0.013918013191705192,0.007902765245055579,0.004459689077339738,0.0025014882662456072,0.0013938197621121016,0.0007732424938726334,0.0004264734299234639,0.00023370032980409648,0.00012706553039785513,0.00006844271458645883,0.000036418274199957745,0.000019087298676752224,0.000009838075428876132,0.000004967971937124166,0.0000024584132520805777,0.0000011876309991093346,5.611370662308922e-7,2.5814413940565227e-7,1.1635757505376144e-7,5.120975489135398e-8,2.202055619422454e-8,9.18811607275879e-9,3.785946845899936e-9,1.5114115743785733e-9,5.952420180563298e-10,2.2842590303590858e-10,8.530673713917686e-11,2.9137152645585756e-11,9.749122247029868e-12,3.4106266157316877e-12,1.0712088789350355e-12,3.500606048209218e-13,1.0963193708418795e-13,2.564544792269141e-14,7.51475523197258e-15,0,0,0,0,0,0,0,0,0,0,0,0,0,0,0,0,0,0,0,0,0,0,0,0,0,0,0,0,0,0,0,0,0,0,0,0,0,0,0,0,0,0,0,0,0,0,0,0,0,0,0,0,0,0,0,0,0,0,0,0],[0,0,0,0,0,0,0,0,0,0,0,0,0,0,0,0,0,0,0,0,0,0,0,0,0,0,0,0,0,0,0,0,0,0,0,0,0,0,0,0,0,0,0,0,0,0,0,0,0,0,0,0,0,0,0,0,0,0,0,0,0,0,0,0,0,0,0,0,0,0,0,0,0,0,0,0,0,0,0,0,0,0,0,0,0,0,0,0,0,0,0,0,0,0,0,0,0,0,0,0,0,0,0,0,0,0,0,0.000003830712990955604,0.000013717450487312266,0.00004563079817610619,0.00014447547036202,0.0004373993386072956,0.0012670980348063324,0.0035133264432276948,0.009324194931547033,0.023686114117803792,0.057593770186310844,0.1340495554346849,0.29865767427626155,0.6369591963921661,1.3004438372264482,2.541718259235056,4.755917632983178,8.519799102372444,14.612732999585,23.997266128019145,37.73496771065957,56.82044598462913,81.93577692301032,113.1577864589244,149.68397435602154,189.66596220112055,230.23749736602264,255,255,255,255,255,255,255,236.78360248773973,197.2875127448728,157.98362802479153,121.69282008515128,90.26941533819269,64.57455173013958,44.630346971046045,29.872889562665318,19.422492729633714,12.311776523824841,7.642458018480549,4.6685848123490254,2.8209909512745814,1.6941383093115479,1.0149832118206772,0.6080061849234191,0.3643721977346111,0.2182760353275564,0.13048527650418557,0.07769625158871409,0.04600977392376471,0.027070615746006093,0.015819908835018083,0.00918413723552542,0.005298766192842574,0.0030378422505861883,0.001732512987900633,0.0009817443774948105,0.0005521567114873108,0.00030768890831144204,0.0001695433954799421,0.0000921231110871648,0.00004922515581867437,0.000025821343364663016,0.00001325783003032131,0.000006661981457963819,0.0000032677418385613817,0.0000015667349796151292,7.321336992677824e-7,3.3497068725417113e-7,1.4971613886505766e-7,6.540395904631062e-8,2.778173876783501e-8,1.1620648407826808e-8,4.715710665308394e-9,1.881946911615131e-9,7.310837756220196e-10,2.7604275211761867e-10,9.632928682176044e-11,3.278402908757182e-11,1.1497534626881408e-11,3.646333608043066e-12,1.192466391615513e-12,3.737203731431134e-13,8.831933280866869e-14,2.5879765107202824e-14,0,0,0,0,0,0,0,0,0,0,0,0,0,0,0,0,0,0,0,0,0,0,0,0,0,0,0,0,0,0,0,0,0,0,0,0,0,0,0,0,0,0,0,0,0,0,0,0,0,0,0,0,0,0,0,0,0,0,0,0],[0,0,0,0,0,0,0,0,0,0,0,0,0,0,0,0,0,0,0,0,0,0,0,0,0,0,0,0,0,0,0,0,0,0,0,0,0,0,0,0,0,0,0,0,0,0,0,0,0,0,0,0,0,0,0,0,0,0,0,0,0,0,0,0,0,0,0,0,0,0,0,0,0,0,0,0,0,0,0,0,0,0,0,0,0,0,0,0,0,0,0,0,0,0,0,0,0,0,0,0,0,0,0,0,0,0,0,0.000004083236086185116,0.000014676239344114657,0.00004889023410427714,0.000154884428154697,0.00046910424156313725,0.001359449412019153,0.0037708972018471753,0.010012081038120117,0.025445274648425702,0.06190197259353649,0.14415398181036582,0.32135531128575645,0.6857943973773609,1.4010910154463856,2.7404295010871955,5.131785163076618,9.201010305260523,15.795803323892416,25.96638974985306,40.87638819053608,61.624774822566074,88.98047780560711,123.0636636669682,163.04409382169942,206.95266017627736,251.70138475592847,255,255,255,255,255,255,255,255,222.55406613576787,179.3786549379219,139.23946619720326,104.23859474276291,75.39864792469228,52.81789755160586,35.93821764256556,23.837175839112877,15.478333532992695,9.886212960719785,6.241756415449172,3.9132125398413566,2.444972698317054,1.525710365738084,0.9514440382769682,0.5924882311373543,0.36785985188341597,0.22731429092311387,0.13959729009166427,0.08512248088597156,0.05152375581148462,0.030964163014286304,0.018484435034267215,0.010966031136545385,0.006465047785699929,0.0037885531094651887,0.002204034595684543,0.0012710672763102788,0.0007251926779318624,0.0004084337256524881,0.0002265008298922405,0.00012338929250966176,0.00006593354001929746,0.00003449295659207842,0.000017669575737821546,0.000008853913698688326,0.000004347519152443863,0.0000020902658606505615,9.88179814999035e-7,4.5918414582381266e-7,2.099877952455248e-7,9.424580346527272e-8,4.184864598605495e-8,1.8203042283806338e-8,7.813914517507275e-9,3.2848896549851364e-9,1.3494085600294478e-9,5.282498373260834e-10,2.0244297562325693e-10,7.746723026183802e-11,2.7961821688781458e-11,1.0024007948386623e-11,3.459781641298125e-12,1.0738442114525418e-12,3.470308884541255e-13,8.375217197698513e-14,2.564544792269141e-14,7.51475523197258e-15,0,0,0,0,0,0,0,0,0,0,0,0,0,0,0,0,0,0,0,0,0,0,0,0,0,0,0,0,0,0,0,0,0,0,0,0,0,0,0,0,0,0,0,0,0,0,0,0,0,0,0,0,0,0,0,0,0],[0,0,0,0,0,0,0,0,0,0,0,0,0,0,0,0,0,0,0,0,0,0,0,0,0,0,0,0,0,0,0,0,0,0,0,0,0,0,0,0,0,0,0,0,0,0,0,0,0,0,0,0,0,0,0,0,0,0,0,0,0,0,0,0,0,0,0,0,0,0,0,0,0,0,0,0,0,0,0,0,0,0,0,0,0,0,0,0,0,0,0,0,0,0,0,0,0,0,0,0,0,0,0,0,0,0,0,0.000004166885921531674,0.000015037990628113562,0.000050180157256374295,0.0001590798375858725,0.0004820386479883311,0.0013975287089881517,0.0038782987060987833,0.010302335010341718,0.026196833317434144,0.06376676833291715,0.14858816607087766,0.3314606954463194,0.7078688359980815,1.44731513292783,2.833227019395931,5.310410235066461,9.530725799009145,16.379494464948333,26.957525999854184,42.490948197984864,64.14834146245886,92.76569212964469,128.5132584949501,170.57640742495687,216.95006766035272,255,255,255,255,255,255,255,255,255,242.66257183790884,197.1256912316979,154.44843615301284,116.92493234264188,85.72536276493915,61.043011249718305,42.36507110143716,28.774830978608705,19.214941729988553,12.674644838936405,8.294687002479534,5.404246938840538,3.512841449456182,2.279483243002921,1.4756357948438674,0.9516051430576687,0.6103088474324534,0.38873641888678584,0.2457005850168473,0.15406252506018447,0.09586005083801326,0.05921903886573787,0.03634225577872401,0.022163186938742495,0.013428393124054213,0.008079795862973489,0.0048208829138277325,0.0028472052756960933,0.0016608331596517044,0.0009546902749127853,0.0005395313539766217,0.0002991659912721676,0.00016256094245214425,0.00008645558338180418,0.00004501720694980181,0.000022943400872097318,0.000011465116140652855,0.000005617613755249179,0.000002707624072948237,0.0000012837755961691687,5.992418590545763e-7,2.7474970992078347e-7,1.243575257985485e-7,5.512930509918609e-8,2.4049077642025666e-8,1.0257170277900398e-8,4.267607383884661e-9,1.6987062898715128e-9,6.596089494514124e-10,2.5382531900392387e-10,9.244242137669729e-11,3.3268502811936604e-11,1.1524676972858677e-11,3.613725650723983e-12,1.1703817538815615e-12,2.88430756701241e-13,8.831933280866869e-14,2.5879765107202824e-14,0,0,0,0,0,0,0,0,0,0,0,0,0,0,0,0,0,0,0,0,0,0,0,0,0,0,0,0,0,0,0,0,0,0,0,0,0,0,0,0,0,0,0,0,0,0,0,0,0,0,0,0,0,0,0,0,0],[0,0,0,0,0,0,0,0,0,0,0,0,0,0,0,0,0,0,0,0,0,0,0,0,0,0,0,0,0,0,0,0,0,0,0,0,0,0,0,0,0,0,0,0,0,0,0,0,0,0,0,0,0,0,0,0,0,0,0,0,0,0,0,0,0,0,0,0,0,0,0,0,0,0,0,0,0,0,0,0,0,0,0,0,0,0,0,0,0,0,0,0,0,0,0,0,0,0,0,0,0,0,0,0,0,0,0,0.0000040710214909722705,0.00001475755299894046,0.000049343163475376395,0.00015655584830987464,0.00047465057407345155,0.001376785431370947,0.0038227524894489774,0.01016058830141806,0.025852249461461006,0.0629696633497527,0.1468355952203635,0.32780407638858106,0.7006444327555024,1.4338396681105123,2.809599594049616,5.271727103918102,9.472235153019188,16.299435139113754,26.862481498931988,42.40432554216866,64.12187751163277,92.89263881932452,128.9402887588826,171.50981994190383,218.65130117303306,255,255,255,255,255,255,255,255,255,255,210.130692642508,166.5056976867956,127.77127231955882,95.21722410018984,69.14340515968046,49.12071373875951,34.2902235300465,23.628422612301613,16.139111796134515,10.963659487322165,7.422678567097436,5.011611817443917,3.372540685658409,2.2590157621275044,1.5037917621183408,0.9935522894535269,0.6509980050782593,0.4229226758177689,0.2724944902509607,0.17423072595913086,0.11062205721566828,0.06977585779314928,0.04372568850125959,0.027208059485327857,0.016794540152860155,0.010266003432320212,0.006201721934018878,0.0036941950536627218,0.0021650344596687836,0.0012458216949616328,0.0007027200136218094,0.0003881993806459051,0.0002098907597219843,0.00011112927456780848,0.000057637126107100535,0.000029331732838751154,0.000014653905510921367,0.000007204650471772674,0.000003486100669094188,0.0000016605699670237904,7.77052163153085e-7,3.5818218030758727e-7,1.616003825367804e-7,7.155005303096286e-8,3.0921741619712595e-8,1.3014581952197191e-8,5.254963764770037e-9,2.0639904346279333e-9,7.985067671323468e-10,2.9318820928931205e-10,1.0590994583858924e-10,3.6817726185314766e-11,1.1654582039666866e-11,3.78244491103424e-12,9.505553279632034e-13,2.9106608921874717e-13,8.528961644187236e-14,0,0,0,0,0,0,0,0,0,0,0,0,0,0,0,0,0,0,0,0,0,0,0,0,0,0,0,0,0,0,0,0,0,0,0,0,0,0,0,0,0,0,0,0,0,0,0,0,0,0,0,0,0,0,0,0,0],[0,0,0,0,0,0,0,0,0,0,0,0,0,0,0,0,0,0,0,0,0,0,0,0,0,0,0,0,0,0,0,0,0,0,0,0,0,0,0,0,0,0,0,0,0,0,0,0,0,0,0,0,0,0,0,0,0,0,0,0,0,0,0,0,0,0,0,0,0,0,0,0,0,0,0,0,0,0,0,0,0,0,0,0,0,0,0,0,0,0,0,0,0,0,0,0,0,0,0,0,0,0,0,0,0,0,0,0.0000038078700507171332,0.000013870917521381857,0.0000464892352030505,0.00014765060528138438,0.0004479376310638959,0.001300041558312366,0.0036118814670211114,0.00960649835183593,0.02445989799223345,0.05962421310563364,0.1391503966097487,0.3109272815666604,0.6652208713981564,1.3627868978722342,2.673436321305374,5.02249015118916,9.0366270562359,15.572769457833088,25.706080113352392,40.64988515337722,61.586374105198914,89.40597178309922,124.38477902186845,165.86623332448247,212.04148399836217,255,255,255,255,255,255,255,255,255,255,217.8436110280716,174.97358336882726,136.46352184288102,103.68189933651325,77.03606049989499,56.21189756884623,40.45704474882375,28.836639837027068,20.421403527520305,14.39808022386316,10.113631566847035,7.074403601915066,4.921790495773399,3.4007467763760606,2.330775392546503,1.5833190553961587,1.065842708384992,0.711223692709651,0.4707376550684122,0.3092578510949971,0.20177836102831118,0.13077529577182925,0.08416600936652127,0.05374121554245731,0.03399642612817527,0.021265429861283748,0.013124847456942325,0.007975049747994227,0.004761140725168882,0.0027879492891605675,0.0015993024674084986,0.0008983237348423324,0.0004940261843741615,0.00026621814044056703,0.0001406849073968075,0.00007303016764857789,0.00003726936288655185,0.000018732489565223,0.000009273277353463124,0.000004520626631569255,0.0000021658316589296936,0.0000010208950299596673,4.709998309683482e-7,2.129260164612339e-7,9.390035812618708e-8,4.030965798099916e-8,1.6659555341209192e-8,6.6901180840492135e-9,2.633766928793612e-9,9.887729626955445e-10,3.6370845760046003e-10,1.2887537003427488e-10,4.215492234744985e-11,1.3953428325083515e-11,3.780584449647682e-12,1.179688642656373e-12,3.527336234617809e-13,2.564544792269141e-14,7.51475523197258e-15,0,0,0,0,0,0,0,0,0,0,0,0,0,0,0,0,0,0,0,0,0,0,0,0,0,0,0,0,0,0,0,0,0,0,0,0,0,0,0,0,0,0,0,0,0,0,0,0,0,0,0,0,0,0,0],[0,0,0,0,0,0,0,0,0,0,0,0,0,0,0,0,0,0,0,0,0,0,0,0,0,0,0,0,0,0,0,0,0,0,0,0,0,0,0,0,0,0,0,0,0,0,0,0,0,0,0,0,0,0,0,0,0,0,0,0,0,0,0,0,0,0,0,0,0,0,0,0,0,0,0,0,0,0,0,0,0,0,0,0,0,0,0,0,0,0,0,0,0,0,0,0,0,0,0,0,0,0,0,0,0,0,0,0.000003409964869373032,0.000012487630692159714,0.00004197212836559469,0.0001334732543173126,0.00040523073635476066,0.0011768774124627933,0.0032720438717636752,0.008709430705918361,0.02219438275078715,0.054150769820938104,0.12650038503599917,0.2829611729086576,0.6060841713148475,1.2431862886006615,2.442111283328772,4.594652570647187,8.280060675122682,14.293800761215978,23.639580590568954,37.4592938421918,56.880510994534305,82.77806864460331,115.47493921646539,154.4416373121227,198.08062635200733,243.6877262365649,255,255,255,255,255,255,255,255,255,220.2990177757647,179.8154893067663,142.93905240851407,111.06599171572762,84.6996207972756,63.65985973659905,47.3395725461314,34.940377839036046,25.648518306649876,18.739827032268536,13.623408096574105,9.843463490850125,7.0593292439066895,5.018996371925728,3.5349875621211115,2.4660141133977524,1.7044159627020554,1.1679121183103989,0.7940215130546582,0.5359501701613331,0.3592759078139182,0.23915354066383993,0.15796516355517523,0.10340135136990831,0.06696219572156961,0.04281285063859028,0.026966315120497884,0.01669843173785863,0.010147777339951753,0.006044071267995253,0.0035254519079507825,0.0020136413236693245,0.0011266323940487166,0.0006181092053545031,0.00033288514769603693,0.00017625014475502313,0.00009181401173283398,0.00004711267533262588,0.000023805627182407195,0.000011836918228553148,0.000005779751476850255,0.0000027710552120773114,0.0000012988459069933037,5.9524362550545e-7,2.6572052691708467e-7,1.1531278612562814e-7,4.823663074504091e-8,1.957195579935568e-8,7.755558465330685e-9,2.9362780271065746e-9,1.08582642790917e-9,3.8673009696460237e-10,1.2780152625949013e-10,4.246919387378094e-11,1.1743101037051581e-11,3.671748093107891e-12,1.1002116862988622e-12,8.831933280866869e-14,2.5879765107202824e-14,0,0,0,0,0,0,0,0,0,0,0,0,0,0,0,0,0,0,0,0,0,0,0,0,0,0,0,0,0,0,0,0,0,0,0,0,0,0,0,0,0,0,0,0,0,0,0,0,0,0,0,0,0,0,0],[0,0,0,0,0,0,0,0,0,0,0,0,0,0,0,0,0,0,0,0,0,0,0,0,0,0,0,0,0,0,0,0,0,0,0,0,0,0,0,0,0,0,0,0,0,0,0,0,0,0,0,0,0,0,0,0,0,0,0,0,0,0,0,0,0,0,0,0,0,0,0,0,0,0,0,0,0,0,0,0,0,0,0,0,0,0,0,0,0,0,0,0,0,0,0,0,0,0,0,0,0,0,0,0,0,0,0,0.0000029235378006550266,0.000010768560023337216,0.000036317363561923817,0.00011567790739278725,0.0003515149416390215,0.0010216773046934646,0.0028429533690889114,0.007574292064515351,0.01932085139531724,0.04719050413791657,0.11036893037941713,0.24718897038372561,0.5301863024465301,1.089119477737635,2.142908737861782,4.038780175329376,7.2921662662143785,12.614466764950729,20.909270441172374,33.214256360449774,50.56981211774447,73.80973357435134,103.2943125950981,138.63650899532882,178.4971290905238,220.53185253538368,255,255,255,255,255,255,255,255,255,218.03534445166557,181.33146481145215,147.33200881916164,117.40525059885806,92.12681562567658,71.45419873367466,54.94862528038637,41.98271985239277,31.896925445898322,24.09353037834899,18.076364041032196,13.4536073535821,9.921908184550924,7.245528325035932,5.238204388656335,3.750306468211689,2.660787907145815,1.8722465614444197,1.3074952221037517,0.9066337191394237,0.6242170381152222,0.4264974217784193,0.28886930761359697,0.19364464396201214,0.128232702368285,0.08370823565183118,0.05375497173206246,0.03389644253777075,0.020958090536453384,0.012694295425487683,0.007529613621378983,0.004374830850368421,0.002491599514064292,0.0013926347676825386,0.0007647899589301374,0.00041318990122842517,0.0002197391505941133,0.00011509038913592728,0.000059325585334200304,0.000030062004596277658,0.000014942316307629857,0.000007278640097353689,0.000003461813913531185,0.0000016067214888342112,7.254081690796718e-7,3.179967546179554e-7,1.3447382174026606e-7,5.5081719817063005e-8,2.196750635112481e-8,8.383583111021978e-9,3.1167433160802186e-9,1.115779940560131e-9,3.723303383737207e-10,1.242215689499964e-10,3.501348375419438e-11,1.097160642421596e-11,3.2950308178760718e-12,2.9106608921874717e-13,8.528961644187236e-14,0,0,0,0,0,0,0,0,0,0,0,0,0,0,0,0,0,0,0,0,0,0,0,0,0,0,0,0,0,0,0,0,0,0,0,0,0,0,0,0,0,0,0,0,0,0,0,0,0,0,0,0,0,0,0],[0,0,0,0,0,0,0,0,0,0,0,0,0,0,0,0,0,0,0,0,0,0,0,0,0,0,0,0,0,0,0,0,0,0,0,0,0,0,0,0,0,0,0,0,0,0,0,0,0,0,0,0,0,0,0,0,0,0,0,0,0,0,0,0,0,0,0,0,0,0,0,0,0,0,0,0,0,0,0,0,0,0,0,0,0,0,0,0,0,0,0,0,0,0,0,0,0,0,0,0,0,0,0,0,0,0,0,0.000002399718716379225,0.000008895240294499929,0.00003012204382445085,0.00009614806756050053,0.0002924782618990273,0.0008508844086882987,0.0023700984156924845,0.0063215003231877846,0.01614435687299884,0.039482915867104264,0.09247147965716375,0.20741857945082415,0.4456155735152037,0.9170257748288202,1.8077994776552835,3.4143644209526265,6.178862264480929,10.715187567336221,17.8091653041001,28.37312301699644,43.33775982142365,63.47575374183771,89.17237449337254,120.18446853441831,155.45181210669836,193.0327582640565,230.22032004104483,255,255,255,255,255,255,255,243.57006704622637,211.92246992902733,180.02848213493056,149.87494866840643,122.74745472728443,99.26076418772466,79.49744949096096,63.191702399316476,49.90388845769196,39.15234922355263,30.491983984903282,23.546573988717057,18.01042518244095,13.63552252326274,10.21611518530696,7.576927142485475,5.566464265535467,4.054197260514801,2.929608361617137,2.101479513428602,1.4965985599853078,1.0577502086385824,0.7412407707104574,0.5143062807747877,0.3526896035704349,0.23856240959188732,0.1588411836812552,0.10391115742557624,0.06668553006504081,0.041938042820382354,0.025832465561672215,0.015585669500611332,0.009216045659780977,0.005346079802248241,0.003046018924977263,0.0017065290314715663,0.0009410068539638492,0.0005108243317824247,0.0002729677672025266,0.0001434307117764841,0.00007399503455264071,0.00003739505773562226,0.00001848714473670127,0.00000891210024031835,0.000004185347707365668,0.000001909650070058849,8.450981005323148e-7,3.609221733886599e-7,1.4913911098643313e-7,5.985783794398722e-8,2.3017657529667233e-8,8.602820617135498e-9,3.095610491331058e-9,1.0425657508849982e-9,3.4924243729842986e-10,1.0023303672359423e-10,3.1481233065025675e-11,9.477327142411477e-12,9.179473706441198e-13,2.6898145148479577e-13,0,0,0,0,0,0,0,0,0,0,0,0,0,0,0,0,0,0,0,0,0,0,0,0,0,0,0,0,0,0,0,0,0,0,0,0,0,0,0,0,0,0,0,0,0,0,0,0,0,0,0,0,0,0,0],[0,0,0,0,0,0,0,0,0,0,0,0,0,0,0,0,0,0,0,0,0,0,0,0,0,0,0,0,0,0,0,0,0,0,0,0,0,0,0,0,0,0,0,0,0,0,0,0,0,0,0,0,0,0,0,0,0,0,0,0,0,0,0,0,0,0,0,0,0,0,0,0,0,0,0,0,0,0,0,0,0,0,0,0,0,0,0,0,0,0,0,0,0,0,0,0,0,0,0,0,0,0,0,0,0,0,0,0.0000018858467581971124,0.000007038838381497705,0.000023952780481318528,0.00007667432085139549,0.0002335381244888601,0.0006801853724597067,0.0018969508172481486,0.00506635043870872,0.012957562836350658,0.031739004822591704,0.0744612025473683,0.16732884837899886,0.36020724858515296,0.7428765646965881,1.467942091902244,2.7795830866969853,5.044111188420646,8.773762658044925,14.630275712932566,23.39171775627561,35.8675967762293,52.756097951433134,74.45395058098137,100.8510451751759,131.16160378464414,163.8522194770734,196.71651732722003,227.11445649997597,252.34805813148117,255,255,255,255,251.0765871021442,228.53402727090585,202.95184216196017,176.46809014247296,150.79055692420786,127.07500428374173,105.93721976843858,87.55860315919216,71.83240996574459,58.50383209607987,47.27471323855127,37.86382582137902,30.029136686930904,23.56611005356043,18.296373366710633,14.056825802791133,10.693770997150635,8.062280849922027,6.028723864493152,4.474020787460728,3.295928383958477,2.4096762823821005,1.747069286630986,1.2545528442499159,0.8907968609987935,0.6242374622418384,0.43086141041456444,0.2923608363605031,0.19471188643480453,0.12712690016038328,0.08131264856871502,0.05094462870229929,0.03127744241977807,0.018833162005551216,0.011133864333446845,0.006470064787920686,0.0036991959360664632,0.0020820344060188036,0.001153412835368537,0.0006285481030339686,0.0003364728072596892,0.00017663088292000826,0.00009072751342803932,0.00004552926630488074,0.000022262975618178856,0.000010597351410492252,0.000004900707246755195,0.0000021991715096304283,9.544467883899748e-7,4.0148466301849374e-7,1.6426256255236249e-7,6.476341946342712e-8,2.490561821889437e-8,9.287518744970125e-9,3.2949050838186145e-9,1.1662261594537685e-9,3.723390380585017e-10,1.270851944087546e-10,4.2263931255123884e-11,8.90574438701701e-12,3.0520257914477472e-12,7.827781222337946e-13,2.6174127201225314e-13,8.375217197698513e-14,2.564544792269141e-14,7.51475523197258e-15,0,0,0,0,0,0,0,0,0,0,0,0,0,0,0,0,0,0,0,0,0,0,0,0,0,0,0,0,0,0,0,0,0,0,0,0,0,0,0,0,0,0,0,0,0,0,0,0,0,0],[0,0,0,0,0,0,0,0,0,0,0,0,0,0,0,0,0,0,0,0,0,0,0,0,0,0,0,0,0,0,0,0,0,0,0,0,0,0,0,0,0,0,0,0,0,0,0,0,0,0,0,0,0,0,0,0,0,0,0,0,0,0,0,0,0,0,0,0,0,0,0,0,0,0,0,0,0,0,0,0,0,0,0,0,0,0,0,0,0,0,0,0,0,0,0,0,0,0,0,0,0,0,0,0,0,0,0,0.0000014188887154372184,0.00000533592155096869,0.00001826535694039481,0.00005869995793085025,0.00017907103200045257,0.0005222773116020528,0.0014587703855306333,0.003902563455331104,0.009998931360118642,0.024539554688077867,0.05769215092842521,0.12994172595688872,0.28041754912919253,0.5798762017312843,1.1491896167551987,2.182894601354911,3.9748686271527025,6.9395751998918715,11.6182902464748,18.656894411941824,28.742474169224284,42.49230244892741,60.301544102238175,82.17332653967728,107.57146951941502,135.34484555080755,163.76629592456985,190.70569580243884,213.92043090087202,231.40826061545977,241.7415295641328,244.29945367746146,239.33995720035279,227.89692279584668,211.53734842590504,192.04869532991438,171.1380292978071,150.20974002761304,130.25584806245996,111.85584174302838,95.25464758208035,80.47516922479019,67.42594167215866,55.97918779797478,46.01204489838045,37.417357070713095,30.096983934085905,23.950376371493377,18.86681558731052,14.724341667952345,11.394320118703073,8.748722127694426,6.667238681135604,5.042425131059745,3.782305478725871,2.810735202320468,2.0662070687661998,1.4998122732650776,1.0729259171613799,0.7550088354294245,0.5217424644832377,0.35360108758270203,0.23483467749354808,0.15278158968359024,0.09739522467829902,0.06087752963682761,0.03734768576254,0.02251309395413928,0.013347683628482692,0.007788282598037875,0.00447300230641606,0.0025271663468447816,0.0014031227401558692,0.0007643235010472654,0.00040772113901894034,0.00021253561504741181,0.00010808665740977908,0.0000535080701536639,0.00002575958356136566,0.000012040206524895304,0.000005458910112754117,0.0000023951669758654293,0.000001018618959641491,4.211107654390152e-7,1.6809959029180105e-7,6.543800327549421e-8,2.4738634790591204e-8,8.94545028655155e-9,3.2186002619804966e-9,1.060922250437351e-9,3.6855753347160235e-10,1.2487764960658668e-10,2.91303894906843e-11,1.0059565205760036e-11,2.6957782800798634e-12,9.014003023967658e-13,2.88430756701241e-13,8.831933280866869e-14,2.5879765107202824e-14,0,0,0,0,0,0,0,0,0,0,0,0,0,0,0,0,0,0,0,0,0,0,0,0,0,0,0,0,0,0,0,0,0,0,0,0,0,0,0,0,0,0,0,0,0,0,0,0,0,0],[0,0,0,0,0,0,0,0,0,0,0,0,0,0,0,0,0,0,0,0,0,0,0,0,0,0,0,0,0,0,0,0,0,0,0,0,0,0,0,0,0,0,0,0,0,0,0,0,0,0,0,0,0,0,0,0,0,0,0,0,0,0,0,0,0,0,0,0,0,0,0,0,0,0,0,0,0,0,0,0,0,0,0,0,0,0,0,0,0,0,0,0,0,0,0,0,0,0,0,0,0,0,0,0,0,0,0,0.0000010220859009618667,0.000003875305879436588,0.000013360349420703537,0.00004317966786590482,0.00013198239373718408,0.00038561493883769373,0.0010791114474295138,0.002892961012098723,0.007428887638376344,0.018276804007548303,0.043082585093973245,0.09731561888228306,0.21066487334924308,0.43710674388443566,0.8694196185148871,1.658001018634836,3.031982724451861,5.317845537064173,8.9474819135034,14.44512540767219,22.382511048741385,33.29585864034385,47.56764730038039,65.28955889027603,86.13673395443458,109.29197555766224,133.4561230314121,156.96467275339464,178.00317366169614,194.88287525016807,206.31472822240482,211.61410873654208,210.78464821950706,204.46300369392208,193.74582549767658,179.95154920493425,164.38229273730138,148.14210719543036,132.04257358369247,116.59615751105697,102.07314057274861,88.58651878377219,76.1719460060085,64.84219511585142,54.610836863917584,45.49180538576478,37.48706664288003,30.57389715088971,24.69875454086228,19.77942344297367,15.713298773253722,12.388159581625294,9.692198278657038,7.52142308904032,5.783929384820414,4.401442568662951,3.308909726326565,2.4529365318274077,1.7897324070382634,1.283061505120282,0.9025178167052565,0.62228798032554,0.4203893240642887,0.2782653639066221,0.18056777100052762,0.11496725099967305,0.07189809533080133,0.04420813264419181,0.026745218269994635,0.0159241017566429,0.009328136166437141,0.005371024405843126,0.0030356112667675877,0.0016810708003393792,0.0009104196722711672,0.0004812176485834579,0.000247851385849635,0.00012415990398024574,0.00006043714745303585,0.000028551132288059347,0.000013081449947680169,0.000005804033838012907,0.0000024969180990096544,0.000001044155057627194,4.224605400927122e-7,1.6672939611880001e-7,6.400708283517809e-8,2.3620249192315925e-8,8.653368219146316e-9,2.9441938360918583e-9,1.0418783599753112e-9,3.597591308668555e-10,9.174694514457887e-11,3.190544875342777e-11,8.88423424895574e-12,2.970663981436619e-12,9.505553279632034e-13,2.9106608921874717e-13,8.528961644187236e-14,0,0,0,0,0,0,0,0,0,0,0,0,0,0,0,0,0,0,0,0,0,0,0,0,0,0,0,0,0,0,0,0,0,0,0,0,0,0,0,0,0,0,0,0,0,0,0,0,0,0],[0,0,0,0,0,0,0,0,0,0,0,0,0,0,0,0,0,0,0,0,0,0,0,0,0,0,0,0,0,0,0,0,0,0,0,0,0,0,0,0,0,0,0,0,0,0,0,0,0,0,0,0,0,0,0,0,0,0,0,0,0,0,0,0,0,0,0,0,0,0,0,0,0,0,0,0,0,0,0,0,0,0,0,0,0,0,0,0,0,0,0,0,0,0,0,0,0,0,0,0,0,0,0,0,0,0,0,7.048953582253899e-7,0.000002696588806143972,0.000009376952577492775,0.00003055874310208836,0.0000936398999068252,0.0002742079052535736,0.0007692324390387971,0.0020678186612887715,0.005325419501756074,0.013143183414406226,0.031087361130576432,0.07048054755453478,0.1531839318350431,0.31921365108617644,0.6378854568392293,1.222565343336921,2.2477648513386277,3.9652239472122597,6.7130497110316,10.909755820339488,17.024479614994117,25.517211655195446,36.749454045447855,50.87584143116719,67.73844358744427,86.79352716989521,107.10086401822657,127.39531106894488,146.24016775999218,162.2370825071851,174.24659546483076,181.56531000255708,184.0148038271935,181.92181812485654,176.00076784436678,167.17684339151344,156.4012518148671,144.5055800289254,132.1231337339932,119.67998701399803,107.43717096443405,95.55480298460397,84.1506064037348,73.33580090838163,63.22473377587901,53.92521347723965,45.521203042842906,38.05838827660633,31.5384780002241,25.922890355284206,21.142914974378034,17.112258568001096,13.738578543535054,10.932127076740171,8.611042420420427,6.703698191353534,5.148870222800116,3.8945241607847794,2.895955753282718,2.113902660066124,1.513072963533237,1.0613212721961427,0.7294495731865466,0.4914293395935113,0.324762986692159,0.21073274853035584,0.1343966987951298,0.08430978608221047,0.05204403188143033,0.0316082946480374,0.0188738285413517,0.011066350619867485,0.006361261231634596,0.0035782953907171795,0.001966048323193741,0.001053208671974886,0.0005493312854875146,0.00027859774165880973,0.00013733995556216062,0.00006582284357399354,0.00003073616710260116,0.000014054080859295435,0.000006385697221853042,0.0000029740859455864113,0.000001494492404875863,8.745414423584564e-7,6.217287527336209e-7,5.249876574561272e-7,4.981403809267104e-7,5.034608845302262e-7,5.268737369224377e-7,5.601450917876497e-7,5.984564132609333e-7,6.38302942246208e-7,6.766814191480533e-7,7.116478555237239e-7,7.420085475101193e-7,7.672058779606802e-7,7.871561199744664e-7,8.022293508072889e-7,8.134104873607863e-7,8.226005940925693e-7,8.329424732745473e-7,8.490134318577962e-7,8.767446287128586e-7,9.229812854406877e-7,9.946775745743535e-7,0.0000010977993114161026,0.0000012360679132491785,0.0000014097149396017867,0.0000016144365430245282,0.0000018407545485746904,0.000002074005782961407,0.0000022951684506329354,0.000002482650287494846,0.000002614976471220747,0.000002674042663826568,0.000002648323583512835,0.0000025352749067714127,0,0,0,0,0,0,0,0,0,0,0,0,0,0,0,0,0,0,0,0,0,0,0,0,0,0,0,0,0,0],[0,0,0,0,0,0,0,0,0,0,0,0,0,0,0,0,0,0,0,0,0,0,0,0,0,0,0,0,0,0,0,0,0,0,0,0,0,0,0,0,0,0,0,0,0,0,0,0,0,0,0,0,0,0,0,0,0,0,0,0,0,0,0,0,0,0,0,0,0,0,0,0,0,0,0,0,0,0,0,0,0,0,0,0,0,0,0,0,0,0,0,0,0,0,0,0,0,0,0,0,0,0,0,0,0,0,0,4.654370624043983e-7,0.0000017978805431466758,0.00000631712937153535,0.000020848233952656866,0.00006409715234308295,0.00018825883774141567,0.0005298359042843666,0.0014294013285901352,0.0036953731872308325,0.00915819332881122,0.021759015427124134,0.04957070998005764,0.10830036673144057,0.22694863696217496,0.4562397489639932,0.8800508533461321,1.6291383108531574,2.8949206314755154,4.939064376166995,8.09268704810746,12.738085443366142,19.267205809735856,28.01547891927568,39.17711967172407,52.71699678741532,68.30166956470735,85.27440309711803,102.69301073452927,119.43494884944127,134.35455969374328,146.45917662847813,155.06124573003086,159.86756814707215,160.98411360260758,158.8399272627567,154.05730076695173,147.30885547268846,139.20097462893034,130.20870266145525,120.66649063238641,110.80053866062339,100.77853266444446,90.75338327915054,80.88658205055121,71.3486764352424,62.30384518560814,53.889600365262694,46.20122986272967,39.28594794302139,33.14672731701297,27.752535112698695,23.050812782680055,18.97891535670232,15.472756358649063,12.472214865071013,9.92362067603379,7.779952546564803,5.999506153651659,4.543848506548736,3.3758575536064805,2.4584734244778517,1.7544731730316565,1.2271936711222697,0.8418326906490222,0.5668443719547906,0.3750105387276503,0.24396415259827878,0.15614491463337216,0.09832346514893403,0.06088083111132399,0.03702901596799807,0.022090249861111827,0.012903696729465489,0.007367045654340653,0.004103774680585446,0.002226916317203128,0.001175879686277457,0.0006036614284247613,0.0003013543997252226,0.00014647191465138505,0.00006958607365099861,0.0000325911280974727,0.000015353869678227447,0.00000756179416829397,0.0000041190794155435364,0.0000026388861413775237,0.000002016797028449511,0.0000017730057566482215,0.0000017084085756913202,0.000001734759574669576,0.0000018162847143917721,0.000001930411584091877,0.000002061880794282811,0.000002198664766482956,0.000002330606451027854,0.00000245090839740417,0.0000025554126230526358,0.000002642165339444947,0.000002710861512311843,0.000002762767828758513,0.0000028012726404520734,0.000002832921560572902,0.0000028685373668354146,0.000002923883440484585,0.0000030193857825235444,0.0000031786183485951584,0.000003425530332360509,0.00000378066715911391,0.000004256844869056721,0.00000485486092079047,0.00000555989346614988,0.000006339300997382476,0.000007142585598218217,0.000007904238867438432,0.000008549900069976312,0.000009005612923774754,0.00000920902862305285,0.000009120455710596457,0.000008731131892396706,0,0,0,0,0,0,0,0,0,0,0,0,0,0,0,0,0,0,0,0,0,0,0,0,0,0,0,0,0,0],[0,0,0,0,0,0,0,0,0,0,0,0,0,0,0,0,0,0,0,0,0,0,0,0,0,0,0,0,0,0,0,0,0,0,0,0,0,0,0,0,0,0,0,0,0,0,0,0,0,0,0,0,0,0,0,0,0,0,0,0,0,0,0,0,0,0,0,0,0,0,0,0,0,0,0,0,0,0,0,0,0,0,0,0,0,0,0,0,0,0,0,0,0,0,0,0,0,0,0,0,0,0,0,0,0,0,0,2.9423681087020437e-7,0.0000011486045968979755,0.0000040867480078593305,0.000013754157203945519,0.00004248164516089047,0.00012527963380407252,0.000354140814498412,0.0009600515536903689,0.0024948197131582123,0.006217452251577723,0.014860730348244333,0.03407328120713766,0.07495470002665776,0.1582245804278781,0.3205647399756386,0.6234561809360992,1.1642045256559193,2.0877344195982657,3.5961624616218963,5.9514849262830545,9.46561300370966,14.472412507027409,21.279204527977356,30.10064335839618,40.98514665101162,53.75094417675186,67.95227068247462,82.89345005057083,97.69856038128127,111.42891529146003,123.2245619603729,132.4355977626129,138.7093246340588,142.01126912323278,142.57818355198924,140.82191780498877,137.21656544747975,132.20260964733527,126.13120075436727,119.25437123402708,111.75042282782753,103.76419808556594,95.44195362434279,86.948201481742,78.4624643719781,70.16245020262035,62.203740687886956,54.70462248124608,47.74027892618498,41.345964916287464,35.525949837148445,30.264411078157988,25.535387326927154,21.310268465675303,17.56235424116075,14.268590825366948,11.408909872472003,8.963880947548004,6.91166757510434,5.2253944768731575,3.871835932058085,2.8118471626509702,2.0023543270902326,1.3992525978071826,0.9603972234049064,0.6479980116200071,0.4300508963277757,0.28077551007415247,0.18027582612842313,0.11372960462621592,0.07040429931990624,0.042698648300929266,0.02532595293844209,0.014665785305827305,0.008278563985244876,0.004549352533620994,0.0024318144664694998,0.0012640056030523105,0.0006393862410148629,0.0003155222394277974,0.0001528093208506606,0.00007354563390897589,0.00003610292570102004,0.000018905614499366416,0.000011167705470874799,0.000007761438473970109,0.000006295070949287144,0.000005717202529106287,0.000005585874202551132,0.000005702911371697878,0.000005981099780220319,0.000006360426913882266,0.00000679490818158912,0.000007245877823211896,0.00000768076875808595,0.000008077241405135076,0.000008421646057063016,0.0000087075481526687,0.000008933943280855207,0.000009105006017317402,0.0000092319026493032,0.000009336205074293383,0.000009453580860353605,0.000009635979933552733,0.00000995071841817582,0.000010475486877248525,0.000011289212515909294,0.000012459605045080705,0.000014028901136871253,0.00001599972890393857,0.00001832324131309889,0.00002089186468024968,0.000023539177560221462,0.000026049289801364307,0.000028177137410789735,0.00002967898931505148,0.0000303493681572789,0.000030057466368400475,0.000028774406843385732,0.000026583568735479548,0,0,0,0,0,0,0,0,0,0,0,0,0,0,0,0,0,0,0,0,0,0,0,0,0,0,0,0,0],[0,0,0,0,0,0,0,0,0,0,0,0,0,0,0,0,0,0,0,0,0,0,0,0,0,0,0,0,0,0,0,0,0,0,0,0,0,0,0,0,0,0,0,0,0,0,0,0,0,0,0,0,0,0,0,0,0,0,0,0,0,0,0,0,0,0,0,0,0,0,0,0,0,0,0,0,0,0,0,0,0,0,0,0,0,0,0,0,0,0,0,0,0,0,0,0,0,0,0,0,0,0,0,0,0,0,0,1.7808742192792805e-7,7.031875226871323e-7,0.0000025400981579708586,0.000008817871818064925,0.000027417795991217955,0.00008131269155189456,0.00023125585619797732,0.0006311042949530771,0.0016515969334967911,0.004147231312928764,0.009992555010218064,0.023107895824005648,0.05129433208745149,0.10931504043757752,0.22369707472471678,0.4396246551611491,0.8298823979863577,1.5050027704425024,2.6225353139805083,4.3918998080592235,7.070083451712158,10.943275351020793,16.291197319542672,23.334876759696158,32.174528320022944,42.73054433139726,54.704816985192295,67.57904856609966,80.6598085761269,93.1676942863911,104.35363283327827,113.61449955121336,120.57779136628847,125.13317613376839,127.40509458312664,127.67919825841363,126.30898184177994,123.632294402522,119.91975680165308,115.36244901852571,110.0911888848982,104.21035810416234,97.8283446388121,91.07297055208228,84.08959951553399,77.02735273159574,70.02215752231545,63.184064050963535,56.5923554676123,50.29800380231652,44.330712220137876,38.70743004574494,33.44005822892219,28.541082546000364,24.026538105529756,19.916075234250368,16.23028597249782,12.986030599668757,10.191111178322211,7.839925879645786,5.911461732375636,4.370213329200295,3.1696727260831916,2.2573206453813612,1.5798117604224629,1.0872611374375127,0.7360437482499953,0.49004006189012883,0.32063804513718924,0.20594661957734836,0.12966076388137804,0.07988315997748083,0.04808015334795868,0.028226558252798198,0.016141821931100794,0.008982953906722085,0.004862561857458425,0.0025609435233228664,0.0013144635730886307,0.0006601282311609467,0.0003271805352537576,0.00016279865434375263,0.00008396112323581599,0.00004709644015567775,0.000030151908068255264,0.00002248745241979928,0.00001909695764641593,0.000017756109693620944,0.00001751883636220462,0.0000179538341014877,0.000018852435536461634,0.00002005593449492648,0.000021428843624339422,0.000022851508028424798,0.000024223176925348814,0.000025473551468308764,0.000026559708979429,0.00002746136566914171,0.00002817535485675567,0.000028714841616582605,0.00002911504015130458,0.000029443982842407167,0.000029814155709913424,0.000030389395312153847,0.00003138199930321792,0.00003303698366579717,0.00003560326444566838,0.000039294380603026634,0.000044243535707586435,0.00005045901814880003,0.000057786776983134006,0.00006588755255743694,0.00007423649455877079,0.00008215274113343447,0.00008886342365727695,0.00009359987719026773,0.00009571407914766459,0.00009479349619584614,0.00009074705739382526,0.0000838377190849301,0.0000746488705974296,0,0,0,0,0,0,0,0,0,0,0,0,0,0,0,0,0,0,0,0,0,0,0,0,0,0,0,0],[0,0,0,0,0,0,0,0,0,0,0,0,0,0,0,0,0,0,0,0,0,0,0,0,0,0,0,0,0,0,0,0,0,0,0,0,0,0,0,0,0,0,0,0,0,0,0,0,0,0,0,0,0,0,0,0,0,0,0,0,0,0,0,0,0,0,0,0,0,0,0,0,0,0,0,0,0,0,0,0,0,0,0,0,0,0,0,0,0,0,0,0,0,0,0,0,0,0,0,0,0,0,0,0,0,0,0,1.0319768567312728e-7,4.1256358284728336e-7,0.0000015176890774234955,0.000005535695036997722,0.00001738845482527783,0.00005197740045449413,0.00014907856645294406,0.00041057250344099836,0.0010848090570691022,0.002751799273529287,0.006701414160543593,0.015671259383533,0.035194030723405566,0.07591405244015473,0.15729267873230043,0.31309386521963556,0.5987750176092964,1.100320381847454,1.9430608212434544,3.2977432788498064,5.379876054081575,8.437833443486651,12.726099970064972,18.462983974294,25.777066281586446,34.65250972506779,44.8880252620246,56.08522044618508,67.67738524627882,78.99957970838037,89.38786199662519,98.28434633441674,105.32043016651824,110.35572261604136,113.46380430128133,114.87299628132367,114.88407103279995,113.79187572393715,111.83261279384666,109.16601580030199,105.88776251237336,102.0580203247744,97.73009941637294,92.96804804304786,87.85004328939061,82.46135841354136,76.88381052906942,71.18769982292714,65.42909927831865,59.65221051010586,53.89479509167087,48.194516020222984,42.59458988795698,37.147643758554395,31.916852605111462,26.973621532117534,22.391678934987397,18.23849556692455,14.566007956096724,11.403108398508612,8.751933161268482,6.588791792113229,4.8691621787552934,3.5351194835720734,2.5232283784501566,1.7712583289016892,1.2228219377112177,0.8297982347698973,0.5529469086214456,0.3613376059252144,0.2311979268888047,0.14460612942937268,0.08827649787751782,0.05252489202451821,0.03042897713893015,0.017152945291719447,0.009408740701661068,0.005026772028931441,0.0026230880029936986,0.001344775485094554,0.0006853859909048455,0.00035498987350041295,0.00019382491409462128,0.00011691411768722485,0.00008067560831307715,0.00006376802360428236,0.00005605984490846785,0.00005300897214298355,0.0000526643445476984,0.00005411633657094525,0.00005687413518334529,0.00006052177137438994,0.00006467078873746937,0.00006896525584751386,0.00007310518011764211,0.00007687876110394867,0.0000801567341947199,0.00008287789835471634,0.00008503269472112066,0.00008666085196792442,0.00008786864132548312,0.00008886138333853511,0.00008997855777219426,0.00009171461991472364,0.00009471027994490799,0.00009970499141587905,0.00010744997823780534,0.00011858969693934735,0.0001335261533727736,0.0001522843617405771,0.0001743993992108802,0.00019884738657160376,0.0002240443355120867,0.00024793541784445995,0.00026818813068903787,0.0002824826578052487,0.00028886327929739564,0.00028608497737258335,0.000273872901654604,0.0002530206494106742,0.00022528887859176125,0.0001931188779258715,0,0,0,0,0,0,0,0,0,0,0,0,0,0,0,0,0,0,0,0,0,0,0,0,0,0,0],[0,0,0,0,0,0,0,0,0,0,0,0,0,0,0,0,0,0,0,0,0,0,0,0,0,0,0,0,0,0,0,0,0,0,0,0,0,0,0,0,0,0,0,0,0,0,0,0,0,0,0,0,0,0,0,0,0,0,0,0,0,0,0,0,0,0,0,0,0,0,0,0,0,0,0,0,0,0,0,0,0,0,0,0,0,0,0,0,0,0,0,0,0,0,0,0,0,0,0,0,0,0,0,0,0,0,0,5.7254180510437766e-8,2.319844456945241e-7,8.722707680948056e-7,0.000003441654355367861,0.000010985860516891785,0.00003319906500990613,0.00009632199844402638,0.0002685402089328137,0.0007185660367529867,0.0018469281790112547,0.004559326541045172,0.010811946572861357,0.024629873757562232,0.053901925478237744,0.11332803485808579,0.22891300496557188,0.4442307003495536,0.8282416158226769,1.4836256713463232,2.55344653497883,4.222726954939052,6.710742382413245,10.250228698042752,15.051936255366547,21.257192588094323,28.886621615446032,37.79809713687797,47.668951145040836,58.01434816133052,68.24512763536285,77.75632220645082,86.02618095672507,92.69972257738017,97.63384229451519,100.89251884909423,102.69661214321154,103.34681345010576,103.14492022421959,102.33553199394389,101.07961965704003,99.45843884699582,97.49656143908891,95.189709030481,92.52636431145837,89.4987557022271,86.10491736892322,82.34657314585176,78.22728680145647,73.75313932961414,68.93602240384303,63.79854382042902,58.37941872872624,52.73832758784032,46.95902927159132,41.14917134637578,35.43534611674821,29.952949871271958,24.83212777402701,20.18274365106385,16.082016851285985,12.56779749445656,9.638700035676731,7.260278133790212,5.374932199387187,3.9127692826882874,2.8011017833562586,1.9712908155481232,1.3626866069537515,0.9241575792997735,0.6140027389443844,0.39901540453050727,0.25324243775898697,0.156751248329334,0.09452100608779387,0.055484351541844126,0.03169942197090704,0.017637480385013032,0.009574964335109402,0.005092822366991071,0.002675816576174589,0.0014103557501764926,0.0007657654555772175,0.00044526835158623356,0.0002887163471817281,0.00021279778635490188,0.0001761056875535812,0.0001588112289936615,0.0001519689897774435,0.00015170948361897785,0.00015617372441735592,0.00016422451313758145,0.0001747853697232607,0.00018677574792371786,0.00019917819286752596,0.0002111338817318263,0.00022203152780823205,0.00023149814086521816,0.00023935684687837697,0.00024557994931435743,0.000250282135827648,0.0002537702923831934,0.0002566373887926404,0.00025986385806178784,0.0002648777162979317,0.00027352937470462605,0.00028795442230108184,0.0003103224419193636,0.00034249466536286587,0.0003856321113628311,0.0004398070225359629,0.000503676671867747,0.0005742840303989781,0.0006470544381010036,0.0007160534191235108,0.0007745445552627804,0.0008158280681440976,0.0008342557130336656,0.0008262317985404676,0.0007909625391160628,0.0007307398946649233,0.0006506487584897391,0.0005577397293147818,0,0,0,0,0,0,0,0,0,0,0,0,0,0,0,0,0,0,0,0,0,0,0,0,0,0,0],[0,0,0,0,0,0,0,0,0,0,0,0,0,0,0,0,0,0,0,0,0,0,0,0,0,0,0,0,0,0,0,0,0,0,0,0,0,0,0,0,0,0,0,0,0,0,0,0,0,0,0,0,0,0,0,0,0,0,0,0,0,0,0,0,0,0,0,0,0,0,0,0,0,0,0,0,0,0,0,0,0,0,0,0,0,0,0,0,0,0,0,0,0,0,0,0,0,0,0,0,0,0,0,0,0,0,0,3.04119903586864e-8,1.2502733172392974e-7,4.825729658407172e-7,0.00000215160208535627,0.0000070462294832875794,0.000021602197769888798,0.00006361524295823565,0.00018011074640607693,0.0004895485212802589,0.00127848198764757,0.0032071500819789074,0.007728995992584421,0.017892079083246182,0.039785266220831346,0.0849715290359475,0.1742955057503484,0.3433451039861705,0.6495035763229688,1.1798277914819177,2.0579444765413815,3.4469358700221417,5.544275789240984,8.564930884241642,12.710488925764635,18.125904285557393,24.850653201574488,32.77618458280049,41.624206421055156,50.95836373231425,60.234404052707866,68.88249389740774,76.40373707383412,82.4559498962751,86.90497856143615,89.82771987295884,91.46814301827665,92.16210008473523,92.25483507285716,92.03403288719366,91.69232196628755,91.32096065611901,90.92639544011793,90.45702045796412,89.8290922379835,88.9459026648345,87.7096024608371,86.02813459947821,83.82017540663472,81.01991319792022,77.58234326126839,73.48919356238312,68.75533847458622,63.434998621477035,57.6260156256132,51.46962307268667,45.14330302095952,38.84595245924754,32.777194837374985,27.115050097664714,21.99711647240857,17.509430986482375,13.6847418433668,10.509156204311116,7.93412698367176,5.890110925046993,4.298842860779966,3.082491398366287,2.169311830531701,1.4963542945305832,1.010170977339982,0.6664273967109502,0.4290489304421592,0.2692495819301799,0.16456686150816033,0.09793048819012867,0.05675678495881261,0.03207876792685561,0.017733732547278447,0.009644988020677677,0.00521704109087182,0.0028604601174671207,0.0016378776999921754,0.0010168044300657593,0.0007053574369603612,0.0005493471477194212,0.0004709969516417961,0.00043277764565968925,0.00041772300939486515,0.00041847739582593203,0.0004313663886905595,0.0004537991208983494,0.00048304474127590624,0.0005162011574706425,0.0005504794589229258,0.0005835213057995561,0.0006136385423333153,0.0006398012117224091,0.0006615203358970699,0.00067871923716353,0.0006917148043867191,0.0007013551360334645,0.0007092790355696133,0.0007181961545372059,0.0007320531542302852,0.0007559640887301093,0.0007958311703999499,0.0008576505621153245,0.0009465662246384975,0.001065786911937299,0.001215512283819947,0.0013920313918560346,0.0015871717766728175,0.0017882902671197594,0.0019789855145951637,0.002140639810294939,0.002254736708377952,0.002305665928643668,0.0022834899147761204,0.002186014849861508,0.0020195751152879285,0.0017982240343417991,0.0015414476291157723,0.0012709323516759971,0,0,0,0,0,0,0,0,0,0,0,0,0,0,0,0,0,0,0,0,0,0,0,0,0,0],[0,0,0,0,0,0,0,0,0,0,0,0,0,0,0,0,0,0,0,0,0,0,0,0,0,0,0,0,0,0,0,0,0,0,0,0,0,0,0,0,0,0,0,0,0,0,0,0,0,0,0,0,0,0,0,0,0,0,0,0,0,0,0,0,0,0,0,0,0,0,0,0,0,0,0,0,0,0,0,0,0,0,0,0,0,0,0,0,0,0,0,0,0,0,0,0,0,0,0,0,0,0,0,0,0,0,0,1.5466161495189794e-8,6.458916527921835e-8,2.5718859768833654e-7,0.0000013761662348612578,0.0000046901679122247476,0.000014631266068925497,0.000043849142015075806,0.00012635478292150827,0.00034950013808424877,0.0009286946769357652,0.002369738689308489,0.005806976636945942,0.0136627542005328,0.030862179902514712,0.06691982693449353,0.13927535701040022,0.27818824222844246,0.5332238501777267,0.9807470725695281,1.730871439639906,2.9311123273603377,4.7629962757186926,7.427704303630662,11.118228411090536,15.978884845735873,22.05802027880279,29.26496152485829,37.34545359004875,45.88870915542918,54.372612321142974,62.24267018999019,69.00843922976684,74.33310661930118,78.09160820218388,80.38113652318384,81.48238403169354,81.78482536842266,81.69893612054803,81.57910497625187,81.67371098963243,82.1073994557974,82.89016022411913,83.9421410225608,85.12304708122981,86.25865356968319,87.1614872856187,87.6459377093998,87.53936710714358,86.69090235569186,84.97941299872171,82.32197905121072,78.68353328681245,74.08693932662143,68.62085023089013,62.44135014360629,55.76376546100191,48.84348825571454,41.948315728875535,35.3279997972195,29.18788921400535,23.672202688658466,18.859296115428094,14.767735869950842,11.369455868027286,8.60547558358339,6.40041200531777,4.673631421236558,3.346525204929518,2.3465162342452883,1.608848055193471,1.0771409558217477,0.7033679967507557,0.44757125575178086,0.27740166882295,0.16748258707505953,0.09859286440985476,0.056713480951617,0.03201358611757099,0.017871659821628236,0.010001763211030235,0.005736839523407889,0.0034785006705246877,0.002303335925017804,0.0016964398800534707,0.0013812973704414985,0.0012164047118618391,0.0011331158657862952,0.0011005248440816803,0.001105296169539768,0.0011404157363120425,0.001200080800281996,0.0012775285503067652,0.0013652456005551889,0.0014559011908119612,0.001543285279522929,0.001622934889411825,0.0016921271936635063,0.001749568316133208,0.001795055001967837,0.0018294250938765539,0.0018549214552802732,0.001875878300789216,0.0018994619991698212,0.0019361105411010264,0.0019993494073550456,0.0021047885769795546,0.002268286507598507,0.0025034477801593384,0.0028187588035177304,0.0032147476314693035,0.003681599667455921,0.004197700654870283,0.004729612342983476,0.005233956974719685,0.005661495035120457,0.005963254826241325,0.006097950783165154,0.006039300377895621,0.005781501474311702,0.005341307039730369,0.00475588484970654,0.004076770906140799,0.0033613208370614437,0.0026637231214251605,0,0,0,0,0,0,0,0,0,0,0,0,0,0,0,0,0,0,0,0,0,0,0,0,0],[0,0,0,0,0,0,0,0,0,0,0,0,0,0,0,0,0,0,0,0,0,0,0,0,0,0,0,0,0,0,0,0,0,0,0,0,0,0,0,0,0,0,0,0,0,0,0,0,0,0,0,0,0,0,0,0,0,0,0,0,0,0,0,0,0,0,0,0,0,0,0,0,0,0,0,0,0,0,0,0,0,0,0,0,0,0,0,0,0,0,0,0,0,0,0,0,0,0,0,0,0,0,0,0,0,0,0,7.530429557011194e-9,3.1985558249626536e-8,1.3215134926315553e-7,9.135818688796201e-7,0.000003302042613027666,0.000010493992648792473,0.00003202820871564357,0.00009394322561795531,0.00026436621022951065,0.0007142620778851085,0.0018519684235809217,0.00460825569276318,0.011001983467689812,0.025199535290035942,0.05536537346785166,0.11667032731767392,0.23578488322209548,0.45695208576802643,0.8491798631497604,1.5131812108196165,2.585510881251536,4.236291061964652,6.656577553754176,10.03255923058326,14.506870793569794,20.13213375910886,26.827162988922808,34.34991960704329,42.30088543839458,50.16467937841139,57.387166849369684,63.47317995429338,68.08094768080147,71.08764203307975,72.6076428355924,72.95904570444509,72.5893678185987,71.98241750522345,71.57100718643566,71.67448350520388,72.46931696452445,73.99016080405606,76.15181168157345,78.78075454390581,81.6472555674036,84.49286076135189,87.05163462787964,89.06574847497605,90.29731831666653,90.53906418820839,89.62631571285,87.4516875542498,83.98130949595358,79.26863538138139,73.46010687383361,66.78766926770679,59.546527103629884,52.06130569323032,44.64780701888238,37.57898408620569,31.062063875819444,25.229863337760552,20.145058040200478,15.813139451183146,12.19884829319109,9.241759883871369,6.8685629118784055,5.001443795702548,3.56323421805633,2.480436133120716,1.6851081031801034,1.1161916250984012,0.7204745895619298,0.45315275189856513,0.2779044518491608,0.16645080338882803,0.09767958195711729,0.05648393524368935,0.032502265093804356,0.018913124621138904,0.011399746915739728,0.0073299359501437815,0.005154867579294885,0.003994550097409159,0.0033680847401969492,0.0030260440946160323,0.0028472333186964982,0.0027778115775732837,0.0027949065191426184,0.002885618829045213,0.003037194184448098,0.0032333535715751405,0.0034553795255918792,0.0036848016525031155,0.003905947831376256,0.004107523521625318,0.004282637868687312,0.004428013893725444,0.004543135720828582,0.0046301230871999095,0.004694652043930968,0.0047476919981853175,0.004807380349481753,0.004900134751548971,0.005060187059226365,0.005327044826693325,0.005740844490329478,0.00633601811203216,0.007134044086752124,0.008136258874673069,0.009317822548216942,0.010624031221635695,0.011970255463497968,0.013246709778508056,0.014328773049709973,0.01509250198273498,0.015433406246626803,0.015284966949026554,0.014632499365993604,0.013518403864410741,0.012036748992847793,0.010317968085705304,0.008507223467076629,0.006741661670176507,0,0,0,0,0,0,0,0,0,0,0,0,0,0,0,0,0,0,0,0,0,0,0,0,0],[0,0,0,0,0,0,0,0,0,0,0,0,0,0,0,0,0,0,0,0,0,0,0,0,0,0,0,0,0,0,0,0,0,0,0,0,0,0,0,0,0,0,0,0,0,0,0,0,0,0,0,0,0,0,0,0,0,0,0,0,0,0,0,0,0,0,0,0,0,0,0,0,0,0,0,0,0,0,0,0,0,0,0,0,0,0,0,0,0,0,0,0,0,0,0,0,0,0,0,0,0,0,0,0,0,0,0,3.510392929651897e-9,1.5185144725170902e-8,6.552191223954652e-8,6.327637854837358e-7,0.000002479548885595961,0.000008017249360187228,0.000024877019633591105,0.00007411981084459896,0.00021173092348853129,0.0005802340362976479,0.001524834047749427,0.0038427765342633506,0.009285119336721173,0.02150880764486656,0.04776195114496038,0.10166001816016633,0.20739126160921942,0.4054902548458813,0.7598102120869078,1.3644570722896177,2.348284287138848,3.873443368703095,6.124010309297372,9.281637901530853,13.488046096656447,18.798874097788236,25.138845857394937,32.272246614987644,39.80293818117058,47.21292688466234,53.93825533032651,59.46859128127814,63.44695629287115,65.74303846150092,66.47953492756895,66.0043544971822,64.81738304076029,63.47286363675639,62.482909372221705,62.243449064554696,62.99382459638106,64.81001453561117,67.62322282564162,71.25225685946629,75.43915965307258,79.8809896631919,84.25453187049774,88.23401910535858,91.50434821049679,93.7736348132017,94.78885643925153,94.35639062374808,92.36573692241828,88.81093944417836,83.80214764578277,77.56086202645172,70.39671961163667,62.669496197029446,54.74477794466999,46.953413578026016,39.56287590682257,32.76419917818474,26.67329847057801,21.34209263331951,16.773817333103473,12.93792657115144,9.782036713784063,7.2403844085483335,5.239552857504963,3.7026171933543517,2.552614118593807,1.7157279727736534,1.1241417563815583,0.7182726181632699,0.4481280547804556,0.27367397804973026,0.1643088564884122,0.09768499846737382,0.05818862252261708,0.03535795782410793,0.02245311192872202,0.015286057194362395,0.011342147549641173,0.009163020524134067,0.007937055276309446,0.007238344875790131,0.00686081522076296,0.006715373397100509,0.006765401997324972,0.0069881184950067055,0.007356071472035641,0.007831303867328112,0.008369004840167482,0.008924579736262827,0.009460136885853615,0.009948315078395215,0.010372420362638714,0.010724508839964675,0.011003326816129788,0.011214006019752766,0.011370292446410597,0.01149875325042032,0.01164331638961283,0.01186796446090505,0.012255605853054023,0.01290192654474513,0.013904135656152393,0.015345626500929998,0.017278419041853673,0.019705750141166274,0.022567458315080516,0.02573105255994143,0.02899156318930424,0.03208309336129782,0.034703814848615865,0.036553541087860554,0.0373791999502183,0.0370196848764359,0.035439429950368986,0.032741127459536376,0.029152608320187512,0.024989777758221407,0.020604214125870532,0.016328081794731997,0.012428940302062758,0,0,0,0,0,0,0,0,0,0,0,0,0,0,0,0,0,0,0,0,0,0,0,0],[0,0,0,0,0,0,0,0,0,0,0,0,0,0,0,0,0,0,0,0,0,0,0,0,0,0,0,0,0,0,0,0,0,0,0,0,0,0,0,0,0,0,0,0,0,0,0,0,0,0,0,0,0,0,0,0,0,0,0,0,0,0,0,0,0,0,0,0,0,0,0,0,0,0,0,0,0,0,0,0,0,0,0,0,0,0,0,0,0,0,0,0,0,0,0,0,0,0,0,0,0,0,0,0,0,0,0,1.5667133534118112e-9,6.911715712557368e-9,3.1372992996405484e-8,4.5414746563646997e-7,0.000001976274010226924,0.000006481541130547874,0.00002038390582744941,0.00006149794589093174,0.00017778214469449136,0.0004926906354649106,0.0013085465152265767,0.0033307512364252434,0.008124039081578112,0.018987168758404907,0.04251810681887057,0.09122057019759937,0.1874990818237608,0.3692163888624323,0.6965161973948623,1.2587810452949397,2.1794427212369314,3.615215796767156,5.7457338904167825,8.750315169018888,12.771252411676409,17.867632797642667,23.969225173447192,30.844391039981495,38.09678971328653,45.201022421995724,51.57741601759072,56.693502124222405,60.168967602802745,61.85663702256931,61.876928261907025,60.596095281311655,58.554842103300196,56.367471224569826,54.61780644522892,53.77526671930138,54.14495053103636,55.853925890870734,58.86650447671839,63.016553848798445,68.04489725251233,73.63299930763502,79.4285532774433,85.0629033716473,90.1636484085507,94.36765308616535,97.33940881007359,98.79695047812297,98.54299598714512,96.49440314577595,92.70070393309304,87.34393311522342,80.71702762973776,73.18470796480455,65.13609161423469,56.94011223180345,48.91265039266226,41.29946598956837,34.27384234220671,27.94430987783064,22.366798793598413,17.556707697061295,13.498554779121289,10.152947580371539,7.461833686016471,5.353247125820896,3.7463343703954703,2.5567660291883714,1.7020967012057184,1.1064007367515365,0.7036063819304553,0.4392421108961104,0.2706586983284012,0.16605796290308672,0.10279726720766835,0.0654212383953948,0.043778403245693105,0.031427747089641966,0.024414061626120226,0.020391716313727375,0.01803087016900015,0.01662751829401244,0.015845356717062102,0.01554588994209949,0.015675732118483422,0.016196390880628058,0.017050148137906437,0.01815150664423938,0.019397466246682864,0.02068487624935575,0.0219259894291331,0.023057357540966557,0.024040266774904177,0.024856284959672424,0.025502494696641703,0.025990783876429106,0.026353008549723743,0.026650742515631987,0.0269857973349776,0.027506465701075223,0.028404904891782736,0.02990288694927102,0.0322257141362039,0.035566667722635475,0.040046314746212744,0.0456721573051229,0.05230475870035357,0.05963704359008365,0.06719395227371674,0.07435921374903895,0.0804332785861679,0.08472040225134166,0.08663403767104565,0.08580078702665375,0.08213821894127299,0.07588434406032321,0.06756720771937268,0.05791898570809752,0.04775453367488494,0.0378437113470767,0.028806643367812173,0.021052006332790717,0,0,0,0,0,0,0,0,0,0,0,0,0,0,0,0,0,0,0,0,0,0,0],[0,0,0,0,0,0,0,0,0,0,0,0,0,0,0,0,0,0,0,0,0,0,0,0,0,0,0,0,0,0,0,0,0,0,0,0,0,0,0,0,0,0,0,0,0,0,0,0,0,0,0,0,0,0,0,0,0,0,0,0,0,0,0,0,0,0,0,0,0,0,0,0,0,0,0,0,0,0,0,0,0,0,0,0,0,0,0,0,0,0,0,0,0,0,0,0,0,0,0,0,0,0,0,0,0,0,0,6.694529512981782e-10,3.0163773348648454e-9,1.4518335222191273e-8,3.326170714741921e-7,0.00000165041309574239,0.00000547243401733234,0.000017388995352319765,0.00005296779672226099,0.00015453570036278068,0.00043199549159883874,0.0011568383107907058,0.0029677199719936606,0.007292705667399185,0.017165734463914162,0.038701154036216684,0.0835723320935939,0.1728497194707875,0.3424021216718077,0.6496250822938199,1.180455235623741,2.054485257828774,3.424806794872487,5.468513822202169,8.36438243071809,12.256740966199871,17.20906665306914,23.156477380027695,29.87104918378947,36.95524074029784,43.87462209961453,50.03143974777952,54.86768670856809,57.97479624258388,59.181753375688096,58.59727233424181,56.59408529352633,53.74000575175865,50.69510639902315,48.10185973113492,46.49340965717567,46.23608350540629,47.51016454125163,50.32245154467444,54.538180738121554,59.91904250975145,66.15705444162279,72.8990548182537,79.76185945661776,86.34240101357592,92.22942630563115,97.02279736011295,100.36299500713974,101.96805008458635,101.66994857680464,99.44004115099774,95.39467180510219,89.77775143479587,82.9240812605606,75.21284388271481,67.02257091334296,58.69666349037974,50.523645214124684,42.731139056688065,35.48910737374039,28.917023553356604,23.09092939134815,18.048589694578972,13.79300557153462,10.295643115524692,7.500768157127577,5.331582474255922,3.69793172704731,2.504639748308045,1.659238880444809,1.0780341089434164,0.6898992371827813,0.437755967900057,0.27813399124469124,0.17946140721129372,0.11975605707690402,0.08426897265123091,0.0634207573328727,0.05118016864682364,0.04388321544414657,0.039414421795654145,0.03664888286166619,0.03506261308449481,0.03445724983663714,0.03476564126452481,0.03592587299020416,0.03781967847168173,0.04026139425808494,0.04302386622880434,0.04587854769979323,0.04863084682392079,0.05113992566063911,0.05331984588974201,0.05512967126250912,0.05656290077651602,0.05764588571492299,0.0584492729176099,0.05910962623294717,0.05985275568412504,0.06100756431958122,0.06300024435738019,0.06632267178350483,0.07147455244598523,0.07888457170198114,0.08882013945285194,0.10129789486652438,0.11600857635102427,0.13227111063267014,0.1490318459803899,0.16492393311718329,0.1783958165925653,0.18790437996988255,0.19214869972607437,0.1903006036177784,0.18217726417541802,0.16830657363705392,0.14985970244970034,0.12846056922247662,0.10591647115070242,0.08393490738317462,0.06389127432355354,0.04669199026403858,0,0,0,0,0,0,0,0,0,0,0,0,0,0,0,0,0,0,0,0,0,0,0],[0,0,0,0,0,0,0,0,0,0,0,0,0,0,0,0,0,0,0,0,0,0,0,0,0,0,0,0,0,0,0,0,0,0,0,0,0,0,0,0,0,0,0,0,0,0,0,0,0,0,0,0,0,0,0,0,0,0,0,0,0,0,0,0,0,0,0,0,0,0,0,0,0,0,0,0,0,0,0,0,0,0,0,0,0,0,0,0,0,0,0,0,0,0,0,0,0,0,0,0,0,0,0,0,0,0,0,2.738709432275806e-10,1.2622597581455032e-9,6.497764316040427e-9,2.442762787685083e-7,0.0000014250367559395092,0.000004764943258123638,0.000015262136352285525,0.000046837569821766214,0.00013764272959584828,0.0003874358548733903,0.0010444188710531307,0.0026964427363850357,0.0066668738424534805,0.015785758326163402,0.03579384281912782,0.07772217301834473,0.1616105164766145,0.3217946783982551,0.6135791996151326,1.1203301376562729,1.9588842726171811,3.2799464750152145,5.259359351379444,8.076567434838799,11.878944730826444,16.73509900667244,22.585988350151847,29.207754256495427,36.20200682813881,43.02570203298313,49.06334372314483,53.731197977311254,56.59098517565521,57.444215875581975,56.381283778440306,53.771401860480196,50.19638116372879,46.34687372662742,42.90843491312254,40.46407202928863,39.43123596372188,40.03870963314291,42.33740399845607,46.23209049026852,51.51960674424975,57.92208997984159,65.10936400368793,72.71071672222735,80.32127357552213,87.51069366190545,93.84117487543654,98.8977979484645,102.32833101623078,103.88409137155458,103.45084470752481,101.06046345287561,96.87964945475794,91.17910051819202,84.29203752918447,76.57283709312615,68.3643238969843,59.977566146657566,51.68312611810963,43.70959548744103,36.24465558857235,29.435378505065938,23.386815868257948,18.159936077668593,13.770913841475911,10.19355134651216,7.365577745204429,5.198297767636738,3.5880632422833627,2.427621967731977,1.6156054679347365,1.0630651761752328,0.6967781603277708,0.45973849904165287,0.3096713957218412,0.21650013246376335,0.15955866641848582,0.1250651822719683,0.10409787304931513,0.09109628658399455,0.08279478043577693,0.07745980396969368,0.07431821817814072,0.07311834699101662,0.07379863530454327,0.07626483782215417,0.0802813130243799,0.08545994179041494,0.0913202995590316,0.09737738498759485,0.10321798740852028,0.10854285480483794,0.11316937887352219,0.11701053601365564,0.12005245304658314,0.12235102199756305,0.12405616911516787,0.12545773834460958,0.12703499865718604,0.1294860318012564,0.13371541261521247,0.14076712734083438,0.15170178092394712,0.1674292402654782,0.18851707181787655,0.21500059152338027,0.2462234044460675,0.28073996073610896,0.3163139281801003,0.3500442257292629,0.3786377411222308,0.3988192735554023,0.4078276666656242,0.4039051591248782,0.38666370719190346,0.357223740304975,0.31807101929075693,0.27265224422141326,0.2248033286326026,0.17814836883452678,0.1356065867987362,0.0991018178551479,0.06950334995475513,0,0,0,0,0,0,0,0,0,0,0,0,0,0,0,0,0,0,0,0,0,0],[0,0,0,0,0,0,0,0,0,0,0,0,0,0,0,0,0,0,0,0,0,0,0,0,0,0,0,0,0,0,0,0,0,0,0,0,0,0,0,0,0,0,0,0,0,0,0,0,0,0,0,0,0,0,0,0,0,0,0,0,0,0,0,0,0,0,0,0,0,0,0,0,0,0,0,0,0,0,0,0,0,0,0,0,0,0,0,0,0,0,0,0,0,0,0,0,0,0,0,0,0,0,0,0,0,0,0,1.0726690062378848e-10,5.065293392601923e-10,2.814036546356091e-9,1.772094059722943e-7,0.0000012603998698900289,0.000004242665150613157,0.000013676750273534244,0.000042228162347037414,0.00012483753641791802,0.00035341202382091784,0.0009580161402114429,0.0024867341340968317,0.006180631075632914,0.01470896829325585,0.03351729054906439,0.07312884489857177,0.15276973193439894,0.30557064506823345,0.5852066749798032,1.0730743733006347,1.883971691531362,3.1669891640203245,5.097453156091873,7.856074006394016,11.59366651030647,16.384184837240838,22.174609526473862,28.745553983376702,35.69870228277582,42.48401988599843,48.470504842244736,53.051063097370665,55.75931196412054,56.368997321983294,54.948890204419065,51.85763692280334,47.68018933095975,43.123843784135914,38.90165717432381,35.63111793890569,33.76749314018685,33.57839267208271,35.15384866708676,38.4383922825443,43.26962635113669,49.41084435517443,56.571297117904685,64.41446543581944,72.56016811273167,80.58903918926588,88.05705820015069,94.52363167419973,99.5906460586358,102.94433895947897,104.389209993226,103.86481714455039,101.44157710737822,97.29830833299943,91.68936647330735,84.91084194669702,77.27320900336997,69.08349493759978,60.635673889539206,52.20537286835034,44.04476907370794,36.375276026023116,29.37806834610217,23.184533435364912,17.869587157833294,13.45032553322427,9.891066478246751,7.114097575865476,5.01402743499425,3.472962000652876,2.3739057759704165,1.6106207206326892,1.093293918936631,0.7503766212885904,0.5276097621411148,0.3854536330885902,0.2959948266621456,0.2400500221446363,0.204812013488331,0.18208309905794431,0.16697686560771197,0.15692562596482112,0.1508632151389767,0.14853473576998996,0.1499391191621741,0.1549416280204136,0.16308661300335014,0.17359389461681277,0.18548936317528827,0.1977873182930031,0.2096476291017098,0.22046163232956073,0.2298579037786492,0.23765936103677762,0.2438376495511385,0.24850620324005152,0.2519694928419514,0.25481620089599605,0.25801975871729876,0.26299803131685545,0.2715882921243722,0.28591097269610893,0.3081202590392511,0.340064174367029,0.38289549830236214,0.436685960761039,0.5001023633029974,0.5702086613316715,0.6424626585941481,0.7109719928599105,0.7690480504765044,0.8100385976083307,0.8283354719209891,0.8203684986122811,0.7853495251810031,0.7255542467880434,0.6460314721232887,0.5537817657982294,0.45659622073891953,0.36183570961969846,0.275429440552454,0.20128489990007625,0.14116769138192098,0,0,0,0,0,0,0,0,0,0,0,0,0,0,0,0,0,0,0,0,0,0],[0,0,0,0,0,0,0,0,0,0,0,0,0,0,0,0,0,0,0,0,0,0,0,0,0,0,0,0,0,0,0,0,0,0,0,0,0,0,0,0,0,0,0,0,0,0,0,0,0,0,0,0,0,0,0,0,0,0,0,0,0,0,0,0,0,0,0,0,0,0,0,0,0,0,0,0,0,0,0,0,0,0,0,0,0,0,0,0,0,0,0,0,0,0,0,0,0,0,0,0,0,0,0,0,0,0,0,4.0223300418174415e-11,1.949313161751363e-10,1.179685750313132e-9,1.2559960869208865e-7,0.000001136366533749071,0.000003846337693925506,0.000012465663712084782,0.00003868639656161014,0.00011494378525069082,0.0003269925605600886,0.00089061806702903,0.002322478906946092,0.005798372459388487,0.013859678029926542,0.031716571018897174,0.069486691821698,0.14574558219771533,0.29266062444251545,0.5626073516925656,1.0354212399645961,1.824309295901952,3.07716223877605,4.969075070124141,7.682090535351541,11.370282539198746,16.112607416069356,21.861799323904826,28.403124024497927,35.33938704617349,42.11577780082099,48.08916344909452,52.63317035271339,55.25717772240535,55.70957678642427,54.037208597044696,50.58419859791137,45.930735867229025,40.78935574569407,35.88681244434072,31.860355686913277,29.18895178633851,28.166796544352763,28.913590025044368,31.40758257613083,35.52504855135302,41.07292347931065,47.8077271154442,55.441076248309656,63.63786957013286,72.01605076128902,80.15602451173399,87.62368374027668,94.0051256312446,98.94580624522119,102.1843491073976,103.57259679968674,103.07814357747071,100.77138781330842,96.80354120812044,91.38331256885535,84.75803315984074,77.20116165035226,69.004373955862,60.47039547177511,51.902938450334375,43.592112686992174,35.79634477563113,28.724043575566977,22.51914765970402,17.254073308718667,12.931772010754251,9.496306328250824,6.849361319262461,4.8690288400271236,3.427257834510555,2.4033560505856846,1.692385864460986,1.208684433784268,0.8856794659726155,0.6735190732352534,0.5358910011919916,0.4469656364296872,0.3889037548605417,0.34997242383528687,0.32309803510061497,0.30464348645086103,0.2932668352586206,0.28884963090021687,0.2915732755296094,0.3012586512195023,0.317052124485363,0.3374468310492461,0.3605496835602874,0.38444217690330773,0.4074888593787444,0.42850464825819384,0.44676636719441637,0.4619290788478864,0.47393727185323653,0.48301122405204033,0.48974262535692753,0.495275633453837,0.5015022477383344,0.5111783058021836,0.5278748364484989,0.5557132329138725,0.5988804963591982,0.6609685522078876,0.7442180101059683,0.8487682884700226,0.972028105094033,1.108290792551814,1.2487278734336276,1.3818866090326691,1.494766619963817,1.5744382367746743,1.6100011082432248,1.5945160345126295,1.5264511164388619,1.410229527790585,1.2556644274407063,1.0763625208423804,0.887467030362123,0.7032849772069827,0.5353407158863772,0.3912290646689346,0.27438175386349895,0.18461041661782984,0,0,0,0,0,0,0,0,0,0,0,0,0,0,0,0,0,0,0,0,0],[0,0,0,0,0,0,0,0,0,0,0,0,0,0,0,0,0,0,0,0,0,0,0,0,0,0,0,0,0,0,0,0,0,0,0,0,0,0,0,0,0,0,0,0,0,0,0,0,0,0,0,0,0,0,0,0,0,0,0,0,0,0,0,0,0,0,0,0,0,0,0,0,0,0,0,0,0,0,0,0,0,0,0,0,0,0,0,0,0,0,0,0,0,0,0,0,0,0,0,0,0,0,0,0,0,0,0,1.4440426303037068e-11,7.194598453266545e-11,4.787766311373729e-10,8.633520869171144e-8,0.0000010422796436162697,0.000003544207989814555,0.0000115381325988602,0.00003596266993033243,0.00010730410617931737,0.00030651407882972354,0.0008381832906731295,0.0021942395712797216,0.005498909366653771,0.013192120805044595,0.03029652783499226,0.0666051468512934,0.1401702171777558,0.28237973599490857,0.5445503895309995,1.0052339499287946,1.7763108930155478,3.004642499862597,4.8650693883050025,7.540667136115127,11.188179741076683,15.890803874218351,21.606375780833748,28.124704138674044,35.05063389335284,41.82689680752986,47.80201576477556,52.335208451806636,54.916711636168955,55.273685890143895,53.432941393584784,49.72278184385235,44.713706467159994,39.11516380335289,33.65666402414476,28.98274599922406,25.583161327949625,23.766215901300054,23.66986824115209,25.29625307273057,28.552669447513672,33.285139410851926,39.29719991208997,46.35397131825311,54.17744570888141,62.44182549287634,70.77704471840379,78.78481408283751,86.06615457111987,92.25454836980585,97.0464925685502,100.22229634031706,101.65380071300177,101.30046274550078,99.19876168312379,95.45074012729741,90.2156484016592,83.70531089212886,76.18069083847023,67.94558199964858,59.333920338358396,50.68951631163436,42.340005635661775,34.56937705809742,27.594593960886023,21.55120910104521,16.490714267213452,12.389437815171904,9.166102788744201,6.703530293758145,4.869802502295999,3.5353100958990518,2.583917774110223,1.9182853779107887,1.4606524166175952,1.150907523853628,0.9436212413393031,0.8051733112523818,0.7114690753708114,0.6462293447744871,0.5995760160898667,0.5666184961571765,0.5458916314940618,0.5377136067690574,0.5426836304338205,0.5605832753716921,0.589865234315273,0.6277345992429331,0.6706656024376083,0.7150822820118587,0.7579364394522471,0.7970192285224876,0.8309827568610004,0.8591838185174338,0.8815183002991726,0.8983954877927084,0.9109157099912633,0.9212069998828795,0.9327884151705128,0.9507857660630992,0.98184111878649,1.0336202149080882,1.1139108276716778,1.2293938965654612,1.3842369296838695,1.5786992436152911,1.8079610832875221,2.0614081129935564,2.3226194664037645,2.5702931813929983,2.7802487019946143,2.928436991902736,2.994583523353933,2.965781464514258,2.8391815006145134,2.623010683934822,2.335521376987482,2.0020218952441584,1.6506784579435039,1.3081019597958026,0.9957275674941082,0.7276815555693225,0.5103469028820441,0.34337324925601265,0.22157671216274605,0,0,0,0,0,0,0,0,0,0,0,0,0,0,0,0,0,0,0,0],[0,0,0,0,0,0,0,0,0,0,0,0,0,0,0,0,0,0,0,0,0,0,0,0,0,0,0,0,0,0,0,0,0,0,0,0,0,0,0,0,0,0,0,0,0,0,0,0,0,0,0,0,0,0,0,0,0,0,0,0,0,0,0,0,0,0,0,0,0,0,0,0,0,0,0,0,0,0,0,0,0,0,0,0,0,0,0,0,0,0,0,0,0,0,0,0,0,0,0,0,0,0,0,0,0,0,0,4.9633013930209504e-12,2.5468556695252818e-11,1.8810054804517653e-10,5.72843418035465e-8,9.717482501465374e-7,0.0000033168745762110248,0.000010837684838905182,0.000033898819804265434,0.00010149492287577015,0.00029088804698588464,0.0007980307593336269,0.00209568265326661,0.0052678955745133925,0.012675129427915266,0.02919221501679081,0.06435437260158244,0.13579453830161095,0.274269145074021,0.5302238503048637,0.9811310386579626,1.7377138920417288,2.9458573903574043,4.779987258320036,7.42375675433042,11.035817364249857,15.70264838788155,21.386309657964574,27.880776149909455,34.793543223398025,41.56688086416443,47.544478729639934,52.075896863978,54.63751041360732,54.940030410376174,52.993410082536414,49.11080122601364,43.850722358695165,37.914349604479504,32.02636415548778,26.829314184201305,22.813431489816526,20.290282496338452,19.404987247833322,20.17249198319466,22.520547067832496,26.32504766218874,31.42996701834136,37.651494314717304,44.771850859516846,52.53115499942156,60.62521377285647,68.71382296579924,76.4394873914847,83.45229265254115,89.43459200962029,94.11991294033655,97.30347388863555,98.84538042942079,98.67017633670476,96.76683584345668,93.19149807785814,88.07226898961822,81.61269758749721,74.08929810627055,65.83927526051475,57.23718964355309,48.662731179212045,40.46489139733851,32.92947828569775,26.25648624519163,20.551416386531077,15.83106843459668,12.040829436446609,9.078200392709856,6.81682046194864,5.126433769793067,3.8863995247965946,2.9925813051866728,2.3590648036598205,1.9168320085694006,1.6113561286886549,1.4003935972791617,1.252435215478965,1.1456362308226713,1.0667438590241909,1.0095872323028736,0.9729764733421249,0.9582239684503052,0.9667548999647116,0.9983295279065818,1.050237284582585,1.1175017894701562,1.193830528219132,1.272840268572145,1.3490913453324864,1.4186423999109394,1.4790883946504123,1.5292810919324427,1.5690333880538054,1.5990728874366338,1.6213576582211415,1.6396752453025119,1.660289208672647,1.6923230488041903,1.7475991018241475,1.8397617727441566,1.98267267686714,2.1882233541315417,2.4638316373384472,2.8099590892402873,3.218026929136732,3.669142483689893,4.134077916890186,4.574917430439816,4.948621557957499,5.212384927597761,5.330120492509155,5.278855118593032,5.053517252185095,4.668750391992001,4.15704229155437,3.5634397394738127,2.9380763657491755,2.328317446424062,1.7723158733313313,1.2952152915798194,0.9083768958608076,0.6111770729270171,0.3943889241862598,0,0,0,0,0,0,0,0,0,0,0,0,0,0,0,0,0,0,0,0],[0,0,0,0,0,0,0,0,0,0,0,0,0,0,0,0,0,0,0,0,0,0,0,0,0,0,0,0,0,0,0,0,0,0,0,0,0,0,0,0,0,0,0,0,0,0,0,0,0,0,0,0,0,0,0,0,0,0,0,0,0,0,0,0,0,0,0,0,0,0,0,0,0,0,0,0,0,0,0,0,0,0,0,0,0,0,0,0,0,0,0,0,0,0,0,0,0,0,0,0,0,0,0,0,0,0,0,1.633230291887909e-12,8.64763949057967e-12,7.15157749394405e-11,3.6579628467652476e-8,9.203376707956761e-7,0.0000031506780962708552,0.00001032406907268222,0.00003238104308376271,0.00009720941665607104,0.0002793234549383164,0.0007682137003226931,0.0020222336413020193,0.005095078658545748,0.01228680036967475,0.028359068682184144,0.06264811288867263,0.13245991320377168,0.2680520709393153,0.5191704005869362,0.9623984592933285,1.707467623422025,2.899354477972027,4.711948788022233,7.329088019248559,10.910633890075792,15.545419301836679,21.198779763973036,27.668241119204843,34.56409384567124,41.32943440360692,47.30574116634669,51.836745510776815,54.38951363577563,54.66281975676709,52.65336945621485,48.661128548732435,43.232521667639695,37.05819506446246,30.85383300817117,25.254277111879574,20.74328272656941,17.6276237863343,16.05043815126215,16.02926360890018,17.5012330267468,20.360804668546603,24.48187611279797,29.72336760925341,35.92306621457217,42.88737555636456,50.38434911472856,58.14464992934564,65.87119390962636,73.25477483371698,79.99123072995113,85.79619853465265,90.41572344218923,93.63369479887874,95.27888325325102,95.23437285168868,93.45041139962632,89.95894392330439,84.88556009561184,78.45340806346901,70.97443894113108,62.82612248210115,54.41569697116212,46.13786049693218,38.33415788066394,31.26224860436605,25.080676077579838,19.85057919194852,15.55148139784702,12.105314074629243,9.402000794188623,7.321164164131276,5.747006095638401,4.57606856893337,3.7195216700782217,3.102437672788529,2.6622781031184113,2.3479337922918235,2.1196124309174014,1.9490641137743725,1.81930626978359,1.7231764067800268,1.6605488583782988,1.634659936841503,1.648406208712253,1.7015566297930356,1.78952617966964,1.9038110566657171,2.0336497239706652,2.1681296947390485,2.2979561082303905,2.4163958747223573,2.5193406293254905,2.604827832630195,2.672535218328465,2.723700329655054,2.7616574815084216,2.792857618940324,2.827969289470009,2.8825324734317754,2.976684117717558,3.133664714733375,3.3770847385553218,3.727199037231694,4.196642398875357,4.786201002580174,5.481262618184928,6.249647370727666,7.041571511194261,7.792453091566205,8.428983024200363,8.8782509544845,9.078789845236205,8.991469576064793,8.607651773790586,7.95227869770088,7.080686711645928,6.069603973552276,5.004423054109088,3.965821188993459,3.018784167443242,2.206139139465111,1.5472376186201404,1.0410174049778211,0.6717623297649487,0.4156532067550685,0,0,0,0,0,0,0,0,0,0,0,0,0,0,0,0,0,0,0],[0,0,0,0,0,0,0,0,0,0,0,0,0,0,0,0,0,0,0,0,0,0,0,0,0,0,0,0,0,0,0,0,0,0,0,0,0,0,0,0,0,0,0,0,0,0,0,0,0,0,0,0,0,0,0,0,0,0,0,0,0,0,0,0,0,0,0,0,0,0,0,0,0,0,0,0,0,0,0,0,0,0,0,0,0,0,0,0,0,0,0,0,0,0,0,0,0,0,0,0,0,0,0,0,0,0,0,5.145268233667803e-13,2.8164777507116932e-12,2.6299421753506302e-11,2.2437833527919563e-8,8.847395971044283e-7,0.0000030354118435270646,0.000009967256744804544,0.00003132494191855474,0.00009422228780054261,0.00027124822561884015,0.0007473541444838253,0.001970748517952601,0.0049736860059834504,0.012013413484731264,0.027771112936134382,0.06144085438806873,0.1300938029973919,0.26362695168474937,0.5112758783642675,0.9489684616282814,1.6856911089113644,2.865714696176579,4.662468098525176,7.259828038512654,10.818433127764468,15.42874788664348,21.058481166545334,27.50785971300336,34.38950084733165,41.147589724309796,47.12264398592291,51.65486503350355,54.205160266008605,54.46393687423387,52.41807767092293,48.357091927567886,42.816940138893884,36.478073574064716,30.046203013189857,24.146234712961448,19.251982641864736,15.660629296924224,13.507003804957124,12.803197941030046,13.485956806884397,15.457076251371582,18.608348188641074,22.829605800870308,28.00389970132608,33.99660166827577,40.64516297894268,47.754052688455346,55.09626395509093,62.42001150126682,69.45784916269761,75.93575972877743,81.58139301242574,86.13257775396471,89.34843168361289,91.02513114756417,91.01662201440395,89.25785503143872,85.78553600881149,80.75000219421524,74.41247168959428,67.1247775873308,59.293105342021065,51.331885032037064,43.61713901521813,36.448994135482366,30.03045940911516,24.464872281376476,19.769370417613587,15.898124301611302,12.767919172307364,10.279970988426888,8.33467532806397,6.839039137495311,5.7087685441680325,4.867871234561763,4.248255008001838,3.7906301789660004,3.446665550186991,3.1813328505658864,2.9740256083964747,2.8173990000208846,2.7137329256565903,2.6696008958609965,2.6903053406875967,2.7756535751128655,2.918161678278939,3.103884704612271,3.315185935240517,3.534197570048033,3.745711213616952,3.9387139560314144,4.10648642452991,4.245816796474569,4.356172924274507,4.439568528832545,4.501436796684485,4.552291870139041,4.609522892368725,4.698459519273961,4.851924436711099,5.107799070870278,5.5045679248720685,6.075245915284045,6.840427445590689,7.801393968174427,8.934327894714789,10.186776793180014,11.477594334947856,12.7015134784756,13.739042151897891,14.471338208722841,14.798211838106358,14.655881873101496,14.030267970575665,12.962025420820453,11.54135118274401,9.893310331571163,8.157090729561077,6.464194354886423,4.920546500675655,3.5959544043496936,2.52196057343944,1.6968336472840508,1.0949566440220795,0.677504855779564,0,0,0,0,0,0,0,0,0,0,0,0,0,0,0,0,0,0,0],[0,0,0,0,0,0,0,0,0,0,0,0,0,0,0,0,0,0,0,0,0,0,0,0,0,0,0,0,0,0,0,0,0,0,0,0,0,0,0,0,0,0,0,0,0,0,0,0,0,0,0,0,0,0,0,0,0,0,0,0,0,0,0,0,0,0,0,0,0,0,0,0,0,0,0,0,0,0,0,0,0,0,0,0,0,0,0,0,0,0,0,0,0,0,0,0,0,0,0,0,0,0,0,0,0,0,0,1.551850783145737e-13,8.799291309743329e-13,9.34826059938424e-12,1.3204977778746781e-8,8.625382756278278e-7,0.0000029637146959069044,0.000009745952886906444,0.00003067202215041413,0.00009238199326933504,0.0002662926152037054,0.0007346080977370343,0.0019394395502197097,0.004900258558086589,0.011849034010021008,0.02741995714490932,0.060725258589293916,0.1287032925223887,0.2610517540088472,0.5067330797083891,0.9413404480188888,1.6735095296250126,2.847232844649507,4.635862587895467,7.223547582929066,10.771664777605098,15.371905379372226,20.993556448970743,27.43844732399469,34.32033228756848,41.08351282416408,47.067128724760565,51.60826274054728,54.16302657902123,54.415703857303974,52.346226770604616,48.23678401747054,42.61588294313854,36.15632579134325,29.555666150752234,23.429749692800875,18.24217327487746,14.278854609664874,11.662955560474034,10.39579625072946,10.406246479488273,11.59377542023794,13.856476732934452,17.102151293177133,21.245760105531055,26.19920488825006,31.85946241294039,38.09933524393012,44.76257584783438,51.66297369835887,58.58592388883321,65.29124734017802,71.51726247611032,76.9875608166685,81.4227680615804,84.5591630017305,86.1742388226826,86.1165346667494,84.33422849730526,80.89521056400314,75.99165868568114,69.92497948148389,63.07179904552307,55.837062952052456,48.60423582425549,41.693492547298845,35.33620540889215,29.66892643167506,24.74441814699489,20.553159517231112,17.047397118561626,14.16122711142468,11.823343316123438,9.962506202724889,8.508241852527778,7.3901627606970575,6.53868117841802,5.888307054007493,5.382937456329303,4.981241115440342,4.6598679466080535,4.412849451456883,4.246910025834266,4.1739290948935635,4.202851134654593,4.33351938555707,4.554152019244022,4.842804938358758,5.171777550239222,5.51304625989619,5.842780635725227,6.143732292377958,6.405378171484174,6.6226846139571975,6.794808876404523,6.924885560287554,7.021386273124642,7.100709647968222,7.18997878664293,7.328702846959138,7.56807885030646,7.9671945602927225,8.586078457706247,9.476227519132307,10.669765091981414,12.16868999603356,13.935851325445205,15.889433267657724,17.902862991971016,19.811943945720973,21.430291235964592,22.572533729668834,23.08239438790093,22.860386727691704,21.884548093224435,20.21829300070767,18.002311541679756,15.431681433778056,12.72350925486637,10.082913066246835,7.675116167760926,5.609004565563134,3.9337785689054634,2.6467375846325756,1.7079239959173518,1.0567786467654046,0.6268674681883264,0,0,0,0,0,0,0,0,0,0,0,0,0,0,0,0,0,0],[0,0,0,0,0,0,0,0,0,0,0,0,0,0,0,0,0,0,0,0,0,0,0,0,0,0,0,0,0,0,0,0,0,0,0,0,0,0,0,0,0,0,0,0,0,0,0,0,0,0,0,0,0,0,0,0,0,0,0,0,0,0,0,0,0,0,0,0,0,0,0,0,0,0,0,0,0,0,0,0,0,0,0,0,0,0,0,0,0,0,0,0,0,0,0,0,0,0,0,0,0,0,0,0,0,0,0,3.005902092789032e-14,2.1291668032848785e-13,3.0419055891045105e-12,7.44967508457505e-9,8.521145491740928e-7,0.0000029307935996091443,0.000009646794328333656,0.000030387330381822264,0.00009160385218007065,0.00026426908228805693,0.000729607463492039,0.0019277110166580809,0.004874199527003172,0.011794316823934566,0.027311755524828715,0.06052476741690276,0.12835792415435401,0.2605059748603386,0.5059615993078792,0.9404198409311118,1.6727455547413277,2.847353946860508,4.6382715121895295,7.230590957909678,10.786840419787886,15.399892144853215,21.039941764764045,27.50906242313415,34.420190193332694,41.21546552637904,47.23047727591795,51.79761583897865,54.3676689466438,54.61959522349248,52.528544414485665,48.372717340919046,42.67726701248879,36.11171213593969,29.369573173465668,23.0610630618707,17.64191076309872,13.387714966413746,10.409218063560761,8.694236752063803,8.158793270780441,8.692617726235257,10.190190201267777,12.565042037857353,15.750033512465759,19.688830818646082,24.323939993458552,29.585202917114906,35.380630602608406,41.58974932475407,48.05884290072583,54.597731566936304,60.97875075107427,66.93978682832099,72.1938978198076,76.44761400560253,79.42823423656192,80.91755755651691,80.78631862178992,79.0213487643681,75.73738391695473,71.16818304459731,65.6367397909994,59.510341417560944,53.15079131515959,46.871408661927575,40.90985016529714,35.42039120431176,30.483237017499388,26.124000737844998,22.3350819007568,19.092313931199502,16.36377243704348,14.111416506667057,12.288881544282903,10.839554231984714,9.698091224489689,8.796422670921904,8.072922582293737,7.481724395823207,6.998732469743165,6.621869404278003,6.365118346256968,6.2481746348051335,6.285105088649458,6.475696731938083,6.802066215673992,7.231074022150746,7.721019527078768,8.229797468705907,8.721644526020546,9.170690327974278,9.56115293702717,9.88547653421274,10.142380533881935,10.33653227274545,10.480571306416708,10.59897261023262,10.732220607661171,10.939288619625337,11.296596327368656,11.892341775329042,12.816127247617535,14.144820385495615,15.926370534246896,18.1637612545691,20.801538738225908,23.71757949502898,26.72295286098313,29.572568609998502,31.98821678700196,33.69320063951025,34.454251111811786,34.12286834687628,32.66626948665725,30.179111074529942,26.87139609637815,23.03430997070073,18.991919794959045,15.050397843697379,11.456366931108885,8.37235724082891,5.8718082861618495,3.9506889898649638,2.549356069666254,1.577415074596472,0.9357022845995311,0,0,0,0,0,0,0,0,0,0,0,0,0,0,0,0,0,0],[0,0,0,0,0,0,0,0,0,0,0,0,0,0,0,0,0,0,0,0,0,0,0,0,0,0,0,0,0,0,0,0,0,0,0,0,0,0,0,0,0,0,0,0,0,0,0,0,0,0,0,0,0,0,0,0,0,0,0,0,0,0,0,0,0,0,0,0,0,0,0,0,0,0,0,0,0,0,0,0,0,0,0,0,0,0,0,0,0,0,0,0,0,0,0,0,0,0,0,0,0,0,0,0,0,0,0,0,3.316020315466399e-14,9.226226680723574e-13,4.0271391139628765e-9,8.525347587604491e-7,0.000002934053159292061,0.0000096631360724869,0.000030455555766565526,0.00009185801359365567,0.00026513644642349845,0.0007323574205983519,0.0019358770046283048,0.004897030281918414,0.011854626855720292,0.027462662765423543,0.06088309244303509,0.12916645007596536,0.2622414822102518,0.5095084605085756,0.94732607827829,1.6855647000736003,2.8700470297858502,4.676598712095236,7.292368922170196,10.881896974717952,15.539541333290776,21.235855247683077,27.77154080422306,34.75602214916838,41.62575411657465,47.70893555711745,52.329817365258684,54.931552899413724,55.18720192998519,53.06859292318621,48.853355992868764,43.06823405421949,36.38527133517156,29.499891382473347,23.02206721462577,17.4039889515362,12.913840776880035,9.651175482554931,7.5896495964719985,6.629663682843631,6.646058471548386,7.521943054928051,9.166131344878217,11.516467766494674,14.533681410169052,18.190537577249955,22.459785523113936,27.30269302738554,32.658600238800844,38.43536554813279,44.50089730370467,50.67692586006954,56.737281397365486,62.41359996502723,67.41099818283294,71.43449758649717,74.22397161635473,75.59188974655633,75.4554498625406,73.85422519602137,70.94707681377595,66.98738639864634,62.282022104333905,57.144401230342645,51.853513605896126,46.62814807887842,41.61992247224171,36.92240244462409,32.58906143076496,28.651564210949868,25.13183095863675,22.045298327698998,19.396960660867382,17.174612723567062,15.344425053040469,13.85258626118773,12.633949833540312,11.625524764861172,10.780401240247711,10.077159011628376,9.521203470411407,9.137318947783053,8.955922639184616,8.997774889894073,9.262340768832951,9.723453359309332,10.333076734596489,11.031030811061841,11.756700981964856,12.458675422899946,13.09978988044554,13.657374516874164,14.12056434130265,14.48749111091637,14.764801479411496,14.970539753182095,15.139661301015362,15.329992053164485,15.625768871687418,16.136149728697447,16.98711718087515,18.306659746336564,20.20457573050983,22.7493563455742,25.945263322118635,29.713085988663153,33.87838216362126,38.17128175956237,42.24169591723908,45.69222728910259,48.12763999846151,49.21473064156997,48.741380822918174,46.66076324322213,43.10808607376257,38.383319276175186,32.90239445471011,27.12821166949634,21.498109871037094,16.36436707957413,11.959142722482042,8.387338393877457,5.643196070460057,3.6415208059786637,2.2531924363784284,1.3365647027945524,0.7599591086336303,0,0,0,0,0,0,0,0,0,0,0,0,0,0,0,0,0],[0,0,0,0,0,0,0,0,0,0,0,0,0,0,0,0,0,0,0,0,0,0,0,0,0,0,0,0,0,0,0,0,0,0,0,0,0,0,0,0,0,0,0,0,0,0,0,0,0,0,0,0,0,0,0,0,0,0,0,0,0,0,0,0,0,0,0,0,0,0,0,0,0,0,0,0,0,0,0,0,0,0,0,0,0,0,0,0,0,0,0,0,0,0,0,0,0,0,0,0,0,0,0,0,0,0,0,0,7.51475523197258e-15,2.9513579235142856e-13,2.0853641677068098e-9,8.633990560718956e-7,0.000002972603496789661,0.000009793488099264002,0.00003087620105759728,0.00009315514873971623,0.00026895911374170885,0.0007431248504243718,0.00196486826019029,0.004971651252481948,0.012038251628385994,0.027894689212512088,0.06185500241643791,0.13125721086823242,0.26654247699455963,0.5179698562783063,0.9632461041113889,1.7142126399644813,2.9193540399316684,4.757770723102019,7.420189894085644,11.074432547317265,15.816967007044363,21.618258081114558,28.2757880202514,35.39211078579476,42.393357783382356,48.595021208439405,53.3081121523025,55.96427155833299,56.22887672768855,54.071256353211744,49.771912843307376,43.86477309823979,37.03133563561904,29.976245155148504,23.316080832709495,17.50522947784845,12.808701633637003,9.317413679170366,6.99161302801701,5.714887415439331,5.343841321451309,5.744456578905944,6.812480031255863,8.479838039619864,10.711282022652,13.495529414481592,16.83396740012429,20.72847843864033,25.168838642429844,30.119787111688815,35.50829735415189,41.212577074861464,47.05544847860301,52.80546135248074,58.18876501506556,62.91300734822046,66.7013989010353,69.33132917239917,70.66893574980703,70.69033391435154,69.4827800810004,67.22445568729616,64.14809599209939,60.49875547008112,56.49746414352168,52.31972795603475,48.09196292300991,43.90250987235519,39.81940550331463,35.906094327901656,32.2286831165328,28.852806939330215,25.83278892152801,23.19886161912367,20.948857171880878,19.04892510424156,17.44426511992905,16.076868493883925,14.904307565963578,13.912855076395987,13.12003231795579,12.565476179318155,12.293325567684587,12.332441553693092,12.681428447837682,13.303381278874525,14.131454639628668,15.082373653389945,16.072514436548083,17.0310689048211,17.906893505787917,18.66879308609108,19.301797154094842,19.803286860794998,20.182313321822033,20.46352400157928,20.69469123398114,20.954853956225588,21.359154924728596,22.056803127543333,23.220005934512017,25.02371297793581,27.618009473951094,31.096517280544298,35.465061808569835,40.61536851142149,46.308989130284175,52.17703323391329,57.740957864639014,62.45755321485289,65.78656403173258,67.27252840070938,66.62549775147495,63.781462979841955,58.925242643665804,52.46687124888401,44.97489342217435,37.08205584396681,29.38616523970569,22.368756971115378,16.34717406675564,11.464808461876215,7.713789407598608,4.977662351260134,3.079930545032483,1.8269750896935046,1.0388022052028871,0,0,0,0,0,0,0,0,0,0,0,0,0,0,0,0,0],[0,0,0,0,0,0,0,0,0,0,0,0,0,0,0,0,0,0,0,0,0,0,0,0,0,0,0,0,0,0,0,0,0,0,0,0,0,0,0,0,0,0,0,0,0,0,0,0,0,0,0,0,0,0,0,0,0,0,0,0,0,0,0,0,0,0,0,0,0,0,0,0,0,0,0,0,0,0,0,0,0,0,0,0,0,0,0,0,0,0,0,0,0,0,0,0,0,0,0,0,0,0,0,0,0,0,0,0,0,8.375217197698513e-14,1.034028029156765e-9,8.847314362726278e-7,0.0000030469267807297034,0.000010040505614290525,0.00003166059219963541,0.00009553800102598735,0.0002758842261333714,0.0007623792825926857,0.002016086297777012,0.005101997506489601,0.01235562440808859,0.02863402757937648,0.06350288267497123,0.1347713852160104,0.27371286284829344,0.531968625586203,0.9893961130257085,1.7609533721078023,2.9992948132342363,4.888598059663645,7.62506784167042,11.381454276116237,16.25725074736099,22.22248569900669,29.069367771856967,36.38963568402451,43.593478207126005,49.97706517525991,54.831617738018,57.57201307653207,57.85309960004618,55.6419542045997,51.225386044211184,45.150613183023985,38.11641141383488,30.845052913658275,23.967677211365658,17.947616803305895,13.051833800743706,9.36595538903456,6.838362748222389,5.335539178064854,4.693622784617967,4.757137383881668,5.4022006008595715,6.546051864582659,8.146777733863122,10.197042746666611,12.714428289769112,15.729600000066668,19.272630248374316,23.3576698522966,27.966761330836807,33.03467542004878,38.43782039020329,43.99098936079263,49.455370417651196,54.55942243549207,59.03096438039526,62.63491858608847,65.20803937822184,66.68123619701738,67.08273754255201,66.5208612016379,65.15172981209007,63.14222535822859,60.63967553092861,57.75663597389127,54.57300455308631,51.151170329917385,47.555559277198896,43.86728648661416,40.18752981728338,36.62826643396217,33.2941540393598,30.262782730984426,27.5712024532896,25.21439270414782,23.156971417473684,21.354442783856076,19.776473048839314,18.42358348961226,17.330836717003084,16.556875148523087,16.162207573672163,16.18470877473869,16.62122050736503,17.42157344965863,18.496440999556345,19.735303759553858,21.02757726578234,22.27980985917862,23.424566007048895,24.420713898686333,25.248481824478183,25.904338774893716,26.400067376935223,26.76787818147154,27.070245269712895,27.410549336137095,27.939401577603107,28.85197648320446,30.37353325463868,32.73291875316708,36.1264555687751,40.67660808650586,46.39099632350408,53.127988919161126,60.57567741766202,68.25152509377267,75.52956138633634,81.69922658063697,86.05382574457391,87.99758007725872,87.1512148116357,83.43100117452174,77.07869588639497,68.63065524496524,58.83057883315182,48.50614739974535,38.439337576865995,29.260034215889753,21.3833461172664,14.996840830552117,10.090222818011549,6.5111606738403145,4.028783237556935,2.389822273318061,1.3588322367231922,0.7404882430079386,0,0,0,0,0,0,0,0,0,0,0,0,0,0,0,0],[0,0,0,0,0,0,0,0,0,0,0,0,0,0,0,0,0,0,0,0,0,0,0,0,0,0,0,0,0,0,0,0,0,0,0,0,0,0,0,0,0,0,0,0,0,0,0,0,0,0,0,0,0,0,0,0,0,0,0,0,0,0,0,0,0,0,0,0,0,0,0,0,0,0,0,0,0,0,0,0,0,0,0,0,0,0,0,0,0,0,0,0,0,0,0,0,0,0,0,0,0,0,0,0,0,0,0,0,0,2.564544792269141e-14,4.909061083113858e-10,9.169294251532461e-7,0.0000031587759712876976,0.000010410789994661573,0.00003283154956401697,0.00009908127533545445,0.0002861437869749814,0.0007908053155112456,0.002091453011873588,0.005293205380748818,0.012819824287652621,0.02971242956677714,0.06590025859906447,0.13987144271871432,0.28409535111732376,0.5521950784425474,1.0271042333144587,1.8282282228478621,3.11415781916937,5.07628124921425,7.918561324179582,11.820704543962592,16.886441044668135,23.085123989902133,30.20145115804557,37.81185032216124,45.30401901821038,51.946954405143295,57.00415600331582,59.86717217616957,60.17645073532952,57.89649647035648,53.32382036680153,47.025488565653426,39.72618361208319,32.175194856154015,25.027161676853435,18.761969872959437,13.6543276540573,9.788402717308195,7.102604412905706,5.44633857711713,4.633465933944847,4.483402405763009,4.84718521024866,5.6202714348833895,6.745665156122003,8.210708317839268,10.039600107533044,12.282432154210467,15.000873197682267,18.25078999413958,22.062928177607755,26.424002554800232,31.261734053352708,36.43800924281238,41.75384936556769,46.96787054707759,51.82649412226982,56.10017239190756,59.61683506764513,62.283225694881494,64.08768546410377,65.08364596828712,65.35966256604148,65.0065358759221,64.09285214807475,62.65668960293226,60.71476367949219,58.283609506296024,55.40314316249164,52.152575476265866,48.65199899146945,45.04855113619039,41.491794531773635,38.1069022994081,34.97513822674681,32.128656262913836,29.561563161660086,27.253173548879182,25.19461860333385,23.408387852873442,21.952817381242603,20.909245947335055,20.356322554031998,20.341012718421904,20.857088716146418,21.838812621053947,23.171520243956646,24.71449272437113,26.32751972799998,27.892384496869724,29.323870040061067,30.56999494687969,31.605718634433206,32.42645514071704,33.046860899236,33.507204750665935,33.88566153517403,34.31162428090734,34.97361460527119,36.11594085325139,38.02057254772166,40.9739713011008,45.22188653317757,50.91761477702168,58.07069437321621,66.50383587374881,75.82660270277341,85.43497155022152,94.5453734438421,102.26835354666541,107.71929482806364,110.15242135344367,109.0929696812687,104.43613093955373,96.48452808809844,85.9095539634859,73.64214677726709,60.71836954966129,48.117074419490635,36.62673013205442,26.766955970684062,18.772542707271214,12.630602732751058,8.150452698981672,5.043095825308665,2.991499422815414,1.7009406503758882,0.9269183638849745,0,0,0,0,0,0,0,0,0,0,0,0,0,0,0,0],[0,0,0,0,0,0,0,0,0,0,0,0,0,0,0,0,0,0,0,0,0,0,0,0,0,0,0,0,0,0,0,0,0,0,0,0,0,0,0,0,0,0,0,0,0,0,0,0,0,0,0,0,0,0,0,0,0,0,0,0,0,0,0,0,0,0,0,0,0,0,0,0,0,0,0,0,0,0,0,0,0,0,0,0,0,0,0,0,0,0,0,0,0,0,0,0,0,0,0,0,0,0,0,0,0,0,0,0,0,7.51475523197258e-15,2.2310619405662522e-10,9.607619042757027e-7,0.0000033112687820311268,0.000010915365746340738,0.000034425238165064374,0.0001038982371447383,0.00030007655343476127,0.000829370730796057,0.002193610434151986,0.0055521663832013915,0.01344803213617759,0.031170840294168226,0.06914042325234389,0.14676064127389676,0.2981134423519779,0.5794931820186404,1.0779793230566246,1.9189713779663309,3.2690633492523866,5.329371014492884,8.31433764245263,12.413096269973678,17.735178091149976,24.249168443457823,31.729839797388813,39.73322798311507,47.61698155878393,54.61371929676204,59.94975697680327,62.98527867167913,63.34129376899513,60.97874353198164,56.20714742339923,49.6204368903727,41.97870208033895,34.06872541683613,26.578685653591833,20.013580771304486,14.662360030437673,10.611972218653408,7.79288949526536,6.037410186931492,5.1351828797547565,4.876863827785405,5.083310253395171,5.622038964553592,6.414241616292397,7.435123793541291,8.708961945226033,10.299122773016286,12.292961440454071,14.782071157402022,17.839535644009622,21.49724016809319,25.72745807100215,30.4333608129387,35.45228465042896,40.57323318228097,45.566410659791345,50.21851456103637,54.36462460388548,57.907362391915385,60.81732991176037,63.11487275801812,64.83985564352433,66.02061961884586,66.65361488148484,66.70109601484604,66.10735764565035,64.82705708093587,62.854848967660956,60.24530458106929,57.11572381797014,53.63049871528999,49.972041669852196,46.307878280103274,42.76485776008401,39.4190014088087,36.30393787926085,33.43396178025868,30.832017683766008,28.55072327214846,26.67703210721088,25.317570477246218,24.569521399877424,24.487922020994684,25.061812573511077,26.208169344149322,27.785561106128732,29.622044660097703,31.54712726321016,33.417433993176836,35.129729436771754,36.62102531532639,37.860891848297264,38.8435799070617,39.58649720223367,40.137794427964096,40.591065569533356,41.101279069155034,41.89424484673564,43.26260598806056,45.544123408991936,49.081941411143504,54.1704372107137,60.99324118169825,69.56177881078723,79.66367831314011,90.83124309347902,102.34092510908775,113.25410200279546,122.50531276301264,129.03489149666382,131.94948741633212,130.68039043800349,125.10205201018886,115.57697841220245,102.90941833465023,88.21452492914207,72.73337835323503,57.638526939383105,43.87446237925871,32.06362671494038,22.487271339910897,15.129958432747635,9.763272042743536,6.041028431005367,3.5834601781452307,2.0375244064977873,1.1103378526636247,0.5798452407511786,0,0,0,0,0,0,0,0,0,0,0,0,0,0,0],[0,0,0,0,0,0,0,0,0,0,0,0,0,0,0,0,0,0,0,0,0,0,0,0,0,0,0,0,0,0,0,0,0,0,0,0,0,0,0,0,0,0,0,0,0,0,0,0,0,0,0,0,0,0,0,0,0,0,0,0,0,0,0,0,0,0,0,0,0,0,0,0,0,0,0,0,0,0,0,0,0,0,0,0,0,0,0,0,0,0,0,0,0,0,0,0,0,0,0,0,0,0,0,0,0,0,0,0,0,0,9.705077109125148e-11,0.0000010173784416040906,0.0000035090482629887968,0.000011570385354371337,0.00003649370643876732,0.00011014931230598132,0.00031815553175106606,0.000879409723254725,0.0023261597912294218,0.005888179578120982,0.014263224408736027,0.033063586347935235,0.07334630656026643,0.15570520650478004,0.3163189872791718,0.6149579202427488,1.144101298033034,2.036965324797217,3.4705978360745853,5.6588502957628055,8.829937498688375,13.18546511916936,18.842799522029868,25.769883927492064,33.72896853098499,42.24992199003007,50.6515528536415,58.119211806413546,63.8306410735061,67.10474483359538,67.5365332750814,65.08147669662988,60.06522651695985,53.11612110515174,45.04023172000214,36.67368989617511,28.749683983818365,21.808146094736138,16.159707607998662,11.898893588051562,8.950430246872276,7.129292783317317,6.198574531366335,5.916074787506626,6.067131169108091,6.485393971212892,7.064446405777068,7.762302285741211,8.599308690211071,9.649016108746146,11.021706849909231,12.841392765937305,15.218745883208538,18.224059443579247,21.865419864725848,26.077350378002038,30.72385212616777,35.6168753817186,40.547171636918016,45.32029012461589,49.78780758270046,53.864216989423475,57.5238546574637,60.77879930715477,63.645553464273966,66.11268898513872,68.12157709635957,69.56770534687553,70.32268230729744,70.26970754663374,69.34069204360723,67.54282617553525,64.96606788473267,61.769355448889634,58.150249298929324,54.308013351886444,50.41217711575795,46.58654954896848,42.91294300919072,39.45133002199801,36.26657031555264,33.44897109707055,31.118234891716636,29.40717462148029,28.430181955588907,28.24817085668851,28.84360837176754,30.1154493413666,31.896031451935716,33.9836807830327,36.1795214019004,38.31679538574784,40.275569379390674,41.98262482803914,43.402449397547336,44.5280653792835,45.37918972829367,46.01087213976359,46.53031135324788,47.115095857379266,48.02404289616856,49.592595231719855,52.207923088588196,56.26337253523883,62.096389819689975,69.91747186803516,79.73971522746578,91.31967463041696,104.12122229403093,117.31494414043436,129.8248831976693,140.42968544760038,147.91463990962566,151.25568511724566,149.80090013300722,143.40636676082903,132.4876314093949,117.96661646793603,101.12163879283223,83.37536726435879,66.07191169931309,50.293957151713464,36.75501831088176,25.777497885947685,17.34369926965865,11.191785816853617,6.9249218927158545,4.107774383571895,2.335644920504243,1.272797006674875,0.664685334281183,0,0,0,0,0,0,0,0,0,0,0,0,0,0,0],[0,0,0,0,0,0,0,0,0,0,0,0,0,0,0,0,0,0,0,0,0,0,0,0,0,0,0,0,0,0,0,0,0,0,0,0,0,0,0,0,0,0,0,0,0,0,0,0,0,0,0,0,0,0,0,0,0,0,0,0,0,0,0,0,0,0,0,0,0,0,0,0,0,0,0,0,0,0,0,0,0,0,0,0,0,0,0,0,0,0,0,0,0,0,0,0,0,0,0,0,0,0,0,0,0,0,0,0,0,0,4.0411871032151425e-11,0.0000010882694829304888,0.0000037583012565624273,0.000012397368760766777,0.00003910592135880109,0.00011804604936830216,0.0003410018248928476,0.0009426677935603555,0.002493797738753966,0.006313340735924123,0.015295223560512163,0.035461062332995286,0.07867699873178122,0.16704939258758683,0.33942528592048415,0.6600046006288136,1.2281595035125215,2.1871044209707744,3.7272930715011108,6.078966302390409,9.488155067539662,14.17275686983977,20.260654224211425,27.719604440771523,36.29655326991221,45.48857178351338,54.565263214226135,62.651628156743165,68.86289485078575,72.4642412731154,73.01602015573663,70.46500452254303,65.15575006316612,57.759149991162126,49.139200172722575,40.1950588775537,31.718324396809873,24.29542726899375,18.26747328791904,13.742219433431648,10.641197697983507,8.76176664238115,7.837723471833326,7.589363917163596,7.760674924986475,8.145310107343906,8.603744470450033,9.072689297011419,9.566188277167628,10.16710960496612,11.008490398401285,12.24605929378884,14.025536675752393,16.450234343698522,19.555434001496337,23.295617021557604,27.54857832803824,32.13683801392811,36.8621343568629,41.54438444349022,46.05402318005062,50.32752356477733,54.36059517833733,58.180798739904915,61.8086246240365,65.22054046620171,68.32722795483035,70.97519587664,72.97206667876874,74.12801879683724,74.3008042765579,73.43096207401726,71.5572551119598,68.8086922182392,65.37675888975508,61.47748380360919,57.31584886175409,53.063693182204034,48.85685718857084,44.80957357138596,41.0369274643194,37.67263897845893,34.87124451274862,32.79052694124325,31.55896579697225,31.24015418876085,31.808283218040525,33.14490171721506,35.058972296448985,37.32340103341706,39.71560862027773,42.049548551177324,44.19155569945893,46.05993322711546,47.614830981560424,48.84801407244576,49.780732878915884,50.4731285451276,51.04263591257206,51.68396394241058,52.68096605119451,54.40157668765871,57.27048938443124,61.719181700004434,68.11781604333562,76.69729823900258,87.47199342350314,100.17484906962027,114.21774935342812,128.69085264539643,142.4138674846908,154.04700639560826,162.25776912238993,165.9227920164166,164.32693804045817,157.3123333995378,145.33481960627924,129.4057169076315,110.92729921957823,91.46019014805617,72.47883644463285,55.170910010014296,40.31911431286133,28.277115118600314,19.02549979832892,12.277041678991225,7.596424385874515,4.506101004815564,2.5621299858306426,1.3962188122213137,0.7291391817108988,0.36486493451829716,0,0,0,0,0,0,0,0,0,0,0,0,0,0],[0,0,0,0,0,0,0,0,0,0,0,0,0,0,0,0,0,0,0,0,0,0,0,0,0,0,0,0,0,0,0,0,0,0,0,0,0,0,0,0,0,0,0,0,0,0,0,0,0,0,0,0,0,0,0,0,0,0,0,0,0,0,0,0,0,0,0,0,0,0,0,0,0,0,0,0,0,0,0,0,0,0,0,0,0,0,0,0,0,0,0,0,0,0,0,0,0,0,0,0,0,0,0,0,0,0,0,0,0,0,1.6105426560334524e-11,0.0000011751297334623008,0.000004066455837445613,0.000013422367921763591,0.000042345363784491736,0.00012784455893914722,0.00036936770587790593,0.0010212605959821898,0.002702222521194813,0.006842343362263635,0.016580310924364437,0.03844905735044893,0.0853267630486932,0.18121448759519293,0.3683073611500541,0.7163739709902446,1.3334710199417017,2.3754436287789287,4.049737667277986,6.607460214294459,10.31747392529839,15.418798269571504,22.05338134858195,30.189733216558857,39.556547499091934,49.6104418857004,59.55948057523694,68.45242886347434,75.32474019510875,79.37206501824816,80.10859472838634,77.46731384443495,71.81384767192594,63.87045995914417,54.57272417682448,44.898851711853325,35.714784318872375,27.667337092073428,21.13872836113909,16.25685903749208,12.943300791138444,10.977710239774028,10.061723684726255,9.873183134563108,10.108556489654662,10.515130240292436,10.914738352327184,11.218937379307144,11.433698112465962,11.651312022377995,12.028722291748739,12.754289283612971,14.008036089386742,15.922685357476496,18.553589459638758,21.864646034071217,25.73439561189413,29.982002127585165,34.407512022102196,38.8360860574929,43.15356620403508,47.32217693244349,51.37064088458635,55.361024914162776,59.34254334207029,63.30729136833183,67.16257683651591,70.72923319985676,73.76700379792051,76.0197639044893,77.26768528106273,77.3720032297158,76.30087245916683,74.13079106547455,71.02540675646782,67.20007231281294,62.884320820428584,58.29410059357342,53.62100401697562,49.0383023929922,44.71618497688159,40.83441108380722,37.581680775329396,35.13725180768622,33.63901770462876,33.14948889288176,33.63344947462615,34.95729799921594,36.91189102812886,39.251763941954636,41.73791378323078,44.171212190746,46.40869542676118,48.3627888725121,49.99041308346127,51.28205850035547,52.25943076549654,52.98524805318852,53.582508056191195,54.255424265287196,55.30185755008941,57.10797830583356,60.119568695156254,64.78954996179746,71.50648794931806,80.51276983926776,91.82347263041054,105.15825740758628,119.89975068117359,135.09284855987787,149.4985433818139,161.71039707859046,170.32962135220083,174.17696846729686,172.5017253909427,165.13816456318222,152.564804285046,135.84327504440859,116.44560980675882,96.01006866434554,76.08444780721187,57.91550235962842,42.32487301189133,29.68381937287581,19.97196309183519,12.887788803911839,7.974324410543158,4.730266427174728,2.689588502583592,1.465676638269351,0.7654117358440949,0.3830159040733354,0,0,0,0,0,0,0,0,0,0,0,0,0,0],[0,0,0,0,0,0,0,0,0,0,0,0,0,0,0,0,0,0,0,0,0,0,0,0,0,0,0,0,0,0,0,0,0,0,0,0,0,0,0,0,0,0,0,0,0,0,0,0,0,0,0,0,0,0,0,0,0,0,0,0,0,0,0,0,0,0,0,0,0,0,0,0,0,0,0,0,0,0,0,0,0,0,0,0,0,0,0,0,0,0,0,0,0,0,0,0,0,0,0,0,0,0,0,0,0,0,0,0,0,0,6.142911351537856e-12,0.0000012795920355191958,0.000004441408686679973,0.000014673528850187246,0.000046302502337788674,0.00013982329472813986,0.0004040738915491873,0.0011175046214466392,0.0029576968955010398,0.007491400352766236,0.018158683763155114,0.04212302397264046,0.09351269421870002,0.19867342229464183,0.4039520611708124,0.786038577793598,1.463812876813538,2.608911544280246,4.450108660450314,7.264837756229024,11.350983454228206,16.97476160185052,24.2968348898053,33.2880656781395,43.65584418994539,54.80753442136932,65.87501321489248,75.81154168818547,83.55144831665758,88.200841361672,89.21258943617173,86.49830716090295,80.4459166430536,71.83854238819822,61.69901143506956,51.10348940316764,41.011342068371086,32.14656498050313,24.945467155521104,19.564656799773708,15.930005428626174,13.80395568415166,12.853434058160813,12.709087708327425,13.013868909987396,13.462450537035924,13.832509552041563,14.006447662930054,13.98007612968356,13.854813901057558,13.812355843043957,14.074642059724336,14.855863822657,16.315884901196938,18.5250429969047,21.448597210483076,24.955239423248706,28.84863091250771,32.91487961607579,36.973810393696574,40.91963327973865,44.738537804637524,48.49697053230657,52.30319271712365,56.25330404390645,60.37809835738942,64.60698472419581,68.75986979981093,72.56936806303054,75.7269668991273,77.94050053758708,78.98805867185142,78.75543801477006,77.24954526264221,74.58720190350749,70.9656403436152,66.62565578246054,61.81929590770505,56.7906193018283,51.77149713071943,46.987228289108714,42.66208011176471,39.01503050777137,36.24117072086845,34.48211223347007,33.795600378460726,34.136939919417706,35.36143866456528,37.24933941214963,39.546139179982475,42.00571740284085,44.423634019490535,46.653094281313706,48.60380707237556,50.23077851666723,51.523170348439706,52.50183285290116,53.229078808921756,53.82798429627465,54.503371942747286,55.554255884827654,57.36844302863535,60.39367604961824,65.08490121132589,71.83243447093751,80.87975708945466,92.24200934423433,105.63757187543699,120.44625590243383,135.70860353304357,150.17995939391767,162.44747471345,171.1059854329954,174.9708687649173,173.28798990106154,165.89086588661138,153.26019611003264,136.46244997926385,116.97636999911084,96.4476834663958,76.431241440631,58.17948176765104,42.517790183741795,29.819118502569918,20.062995488664317,12.94653146727654,8.010671456691584,4.751827026326562,2.701847672438036,1.47235720626068,0.7689004897814611,0.3847616941897308,0,0,0,0,0,0,0,0,0,0,0,0,0,0],[0,0,0,0,0,0,0,0,0,0,0,0,0,0,0,0,0,0,0,0,0,0,0,0,0,0,0,0,0,0,0,0,0,0,0,0,0,0,0,0,0,0,0,0,0,0,0,0,0,0,0,0,0,0,0,0,0,0,0,0,0,0,0,0,0,0,0,0,0,0,0,0,0,0,0,0,0,0,0,0,0,0,0,0,0,0,0,0,0,0,0,0,0,0,0,0,0,0,0,0,0,0,0,0,0,0,0,0,0,0,2.240244861850126e-12,0.000001402810919640068,0.000004890146848627918,0.00001617654870036006,0.00005106053009082472,0.00015424019549374534,0.0004458862974262431,0.0012335780175121115,0.003266154566374929,0.008275991465080403,0.020069020903411287,0.04657553046974499,0.10344698961681192,0.2198921225635195,0.4473393351696399,0.8709727179829952,1.62299536119786,2.8945527591069378,4.940883523590937,8.072272512529407,12.623109835017924,18.89428171780218,27.071093271244113,37.12919334055285,48.75163561946321,61.28659846729829,73.772658957174,85.04457849792055,93.90959390291187,99.3593910191635,100.76602219686896,98.0090876506219,91.4987342852014,82.08902599393873,70.90792612085585,59.1517134931791,47.89587776559373,37.96175320435086,29.85542355722609,23.772696678444643,19.64928076483611,17.231782138849013,16.150645434861957,15.985413915948575,16.32041365388321,16.792231531517146,17.129272391606627,17.180563535596583,16.928713057298243,16.482372388936422,16.046921438498313,15.877113798792132,16.22023586835314,17.261353032259038,19.082559735230923,21.6457162620263,24.803328134106447,28.335812251311964,32.006631204178916,35.62136353940765,39.07458183638794,42.370732421266226,45.61206775297477,48.95621560332913,52.55518644781005,56.493275019590456,60.74148750324446,65.14094130737023,69.41914782358523,73.23413387336738,76.23459184481673,78.12122634435256,78.69543872791422,77.88579191537485,75.74906549434903,72.44949558826629,68.22516961824144,63.35280168955494,58.12036340436866,52.811841309620085,47.70183463828873,43.05278224733411,39.106713614288886,36.067160644391215,34.07344536494782,33.17566618900269,33.32108239035363,34.359784011806475,36.07068346005856,38.201112180917036,40.50830800143941,42.79106455155696,44.904649783926786,46.75937856307012,48.30964683655027,49.54313062523189,50.478372178673624,51.17414020104981,51.74793654767305,52.39610768569071,53.40574439074012,55.14943329523921,58.05746876547272,62.56712602040993,69.05358286051114,77.75088111008357,88.67356484030178,101.55090403650951,115.78669971400325,130.45861000933218,144.37012934725257,156.16306579160494,164.48661499946965,168.20198217729043,166.58420677450235,159.47324634187618,147.33120402128336,131.18329200164544,112.45104645988368,92.71652842726462,73.47443831764173,55.928762426305624,40.8729557882995,28.66554228086268,19.286842614456386,12.44568464133438,7.700772285404005,4.567998833456166,2.5973245548489694,1.4153979013475662,0.7391549652178038,0.3698768832450432,0.1773410661729505,0,0,0,0,0,0,0,0,0,0,0,0,0],[0,0,0,0,0,0,0,0,0,0,0,0,0,0,0,0,0,0,0,0,0,0,0,0,0,0,0,0,0,0,0,0,0,0,0,0,0,0,0,0,0,0,0,0,0,0,0,0,0,0,0,0,0,0,0,0,0,0,0,0,0,0,0,0,0,0,0,0,0,0,0,0,0,0,0,0,0,0,0,0,0,0,0,0,0,0,0,0,0,0,0,0,0,0,0,0,0,0,0,0,0,0,0,0,0,0,0,0,0,0,7.827781222337946e-13,0.0000015448903211679598,0.000005416657797167467,0.000017947609624689277,0.00005667299586141503,0.00017126489872714334,0.0004953193876223678,0.0013709744469710978,0.0036317478021078726,0.009207166132802671,0.022339472008347315,0.05187523456571471,0.11528997137448467,0.2452290072781498,0.49923634637810804,0.9727485320797998,1.8141031524807292,3.238162278328588,5.532486262982265,9.047718741810007,14.163465237780153,21.224128388703697,30.446898952072484,41.81559859643801,54.98612684677666,69.23666364563742,83.49316291973918,96.44535440496159,106.74286767069077,113.23313365829686,115.18333385016057,112.42703113185009,105.3949076250656,95.02239236659331,82.5625574238164,69.35721605651746,56.62437984949397,45.30633099030946,35.997369531760306,28.944939379923156,24.10143197970417,21.200024521178655,19.834013514057155,19.52930991865611,19.808105255131096,20.24494971840185,20.51485010885149,20.429257881830996,19.95332969685077,19.198688967311647,18.390220196543268,17.81155900250195,17.73962543642644,18.38189523273396,19.830170431116876,22.04144344515711,24.850698975775565,28.01323703913565,31.266745741788185,34.397680588476625,37.294371801531554,39.971902588308225,42.561096451511794,45.26395268726136,48.287530920657396,51.77433495737796,55.747785951934446,60.086523938295024,64.53299518296956,68.73289335597852,72.29499406636491,74.85722205681668,76.14471276757398,76.00872335620488,74.4406105627495,71.56146647281298,67.59382136394689,62.825360340805176,57.574626349311245,52.16517235326534,46.90907306058963,42.09572779423595,37.979903074067664,34.76500441773347,32.58248063583043,31.473338744279307,31.380035313482534,32.15497278781692,33.5862156630745,35.434462641610956,37.47099060893516,39.50627989584097,41.4033193064086,43.07608101849604,44.47940954075645,45.59916086265589,46.45006427969151,47.08436755676103,47.60883517823223,48.20317656752819,49.13089938879112,50.734389330921594,53.40927011414645,57.55768128807629,63.52469240331918,71.52556902382682,81.57367085210618,93.41993420803813,106.51589106649777,120.01304678450758,132.81069615549967,143.65939425452837,151.3164926143955,154.73437733071484,153.24613392126489,146.7045341710055,135.5346814945616,120.67970132194769,103.4473101884523,85.29289657519766,67.59148314254622,51.45065534682976,37.600337823124654,26.370348139803067,17.742582689583603,11.449182911444575,7.0841864466105005,4.202248063539008,2.3893618363156874,1.3020697480286296,0.6799722667378004,0.3402615615792155,0.16314171239556227,0,0,0,0,0,0,0,0,0,0,0,0,0],[0,0,0,0,0,0,0,0,0,0,0,0,0,0,0,0,0,0,0,0,0,0,0,0,0,0,0,0,0,0,0,0,0,0,0,0,0,0,0,0,0,0,0,0,0,0,0,0,0,0,0,0,0,0,0,0,0,0,0,0,0,0,0,0,0,0,0,0,0,0,0,0,0,0,0,0,0,0,0,0,0,0,0,0,0,0,0,0,0,0,0,0,0,0,0,0,0,0,0,0,0,0,0,0,0,0,0,0,0,0,2.6174127201225314e-13,0.000001704179354098863,0.000006019121297801683,0.0000199837102735059,0.0000631330322468796,0.00019088497015361898,0.0005523625834976086,0.0015297387692743028,0.004054802534037069,0.010286305320204992,0.024974808756923206,0.05803670164251784,0.1290821910265125,0.27478871434198027,0.5598956527146345,1.091939513223612,2.0383661388857437,3.642237847739224,6.229730048737022,10.199990113600837,15.987403511287473,23.989769789412772,34.464505426319924,47.4079380593172,62.446497716475776,78.77728578860601,95.19300499824502,110.20937482490332,122.2844587649939,130.08758293562,132.75305096026077,130.05118854002134,122.4297114753029,110.91568730854787,96.90868592996183,81.9240185671872,67.35163590126648,54.28123051620499,43.416010894080834,35.06902692571112,29.21721955721426,25.583649162347633,23.724993115538393,23.112707466790958,23.2054738795389,23.514023753882622,23.657458441739976,23.40593724430724,22.701899599265907,21.653160811531194,20.496326530353997,19.536059216152125,19.07214090914051,19.32985470037939,20.408971221542874,22.26278391780919,24.712106282857505,27.49123641651349,30.315164549601004,32.95153460938107,35.278846221350406,37.3152026506317,39.2094035048676,41.19633593259287,43.52843097131743,46.40121098573283,49.89183377062159,53.925158916835066,58.27409351939525,62.592463113174546,66.4716585291844,69.50814421960305,71.3678649881855,71.83539636744692,70.83981997505838,68.45496328254453,64.877608603522,60.391908110196674,55.33002409004779,50.03733435187708,44.846209780342235,40.05751679284706,35.92598091383705,32.645802278811736,30.33600159842403,29.028887383826678,28.667228976885056,29.11460352033742,30.179246736713303,31.646553950776756,33.311831878614704,35.0048280011305,36.60109031671384,38.020651870271735,39.219417197359505,40.18084813487121,40.914379189196026,41.46318427267317,41.91915430158661,42.43903231272703,43.25383208602518,44.66436612987819,47.01855437096706,50.670203786569076,55.92297114220149,62.96629503677464,71.81189945979757,82.24050553276132,93.76926862807477,105.65122647084536,116.91739080041823,126.46783468447568,133.20861513140966,136.21748458488923,134.90733722097488,129.14856332497388,119.31539457174259,106.23809355718166,91.06788378308174,75.08598896819771,59.502884306983994,45.29361171149565,33.1007465318011,23.2146374275075,15.619347229637125,10.079071717860769,6.236429604635956,3.6993696350215117,2.1034295193154033,1.146252485739703,0.5986007294632312,0.2995428327492422,0.14361872214926152,0.06597269587982893,0,0,0,0,0,0,0,0,0,0,0,0],[0,0,0,0,0,0,0,0,0,0,0,0,0,0,0,0,0,0,0,0,0,0,0,0,0,0,0,0,0,0,0,0,0,0,0,0,0,0,0,0,0,0,0,0,0,0,0,0,0,0,0,0,0,0,0,0,0,0,0,0,0,0,0,0,0,0,0,0,0,0,0,0,0,0,0,0,0,0,0,0,0,0,0,0,0,0,0,0,0,0,0,0,0,0,0,0,0,0,0,0,0,0,0,0,0,0,0,0,0,0,8.375217197698513e-14,0.0000018765191282175038,0.000006686616917670545,0.00002225115303429386,0.00007033654895347747,0.00021279322552019802,0.0006161499469452443,0.0017075397637768134,0.004529325237639289,0.011498702766759832,0.02794059825208941,0.06498303100533384,0.1446599010988591,0.30823899089836576,0.6286752713988637,1.2273653880632722,2.293721781885444,4.103357955732947,7.027235881917749,11.52109038184941,18.083718521169153,27.176464140434568,39.105823794925065,53.8857146207603,71.11166761165794,89.88944835536766,108.8583737518235,126.33107402771802,140.5392266367058,149.93859800499627,153.50049527309594,150.91260468670512,142.63435859096475,129.79369172616993,113.95794521984341,96.84458484817206,80.04607614719846,64.82718732424108,52.021650739376305,42.02264392940553,34.83987669950753,30.190114558874363,27.594980115029102,26.472410081494864,26.218578373095873,26.28119198842858,26.223086708579185,25.770492041519496,24.83744050268067,23.519164453502405,22.05298954456804,20.753000805542044,19.931658100591058,19.825209569261702,20.53920359883339,22.025999753293664,24.099088211702668,26.480753394327053,28.87179450546866,31.026370387926303,32.813197271353815,34.24724443219493,35.48350070223098,36.77433333208848,38.401569998656484,40.600652609914725,43.49534490140792,47.057652506381544,51.10057861208047,55.30349874180868,59.26328099918822,62.55991140019778,64.8235431389387,65.79047282701633,65.33838222989728,63.495927814100355,60.42759599802559,56.400187829508134,51.74062855544794,46.79486262474341,41.89451519902803,37.33337838078242,33.35184855849026,30.12599525908297,27.759253733658298,26.277526000048347,25.630643981564248,25.70305699658986,26.3340540979319,27.344112200444545,28.561171176508083,29.840382689028235,31.073466827213824,32.18802736570108,33.141075086803525,33.91284150975387,34.50607095294974,34.95290523592714,35.32757791525123,35.75990106568687,36.44300603220971,37.629368568779746,39.6115146795599,42.68716169984333,47.11191982945248,53.04526185103946,60.496996627101915,69.28235700443935,78.99455564890894,89.00431304382631,98.49531279080318,106.5409342858049,112.21959969021324,114.75437433838324,113.65065911607032,108.79926590816504,100.51546034455771,89.49868453147626,76.71876931557225,63.25506230361823,50.127310091934724,38.15692206106995,27.885226142805976,19.556822194713064,13.15828418625319,8.490962397039867,5.253786335295343,3.116478316858145,1.7720025665674475,0.965643168931275,0.5042821826022246,0.2523453548358684,0.12098943269368205,0.05557770552694363,0,0,0,0,0,0,0,0,0,0,0,0],[0,0,0,0,0,0,0,0,0,0,0,0,0,0,0,0,0,0,0,0,0,0,0,0,0,0,0,0,0,0,0,0,0,0,0,0,0,0,0,0,0,0,0,0,0,0,0,0,0,0,0,0,0,0,0,0,0,0,0,0,0,0,0,0,0,0,0,0,0,0,0,0,0,0,0,0,0,0,0,0,0,0,0,0,0,0,0,0,0,0,0,0,0,0,0,0,0,0,0,0,0,0,0,0,0,0,0,0,0,0,2.564544792269141e-14,0.0000020546065096953857,0.000007395951670564537,0.000024674248104332348,0.00007804592940951043,0.00023627599707321206,0.0006846308436515365,0.0018987404648032752,0.005040489442011882,0.01280705681850215,0.031147063145337796,0.07250751948884832,0.16156783793166457,0.3446206368578037,0.70364197765906,1.3752989661015236,2.5732960726833345,4.609394946907221,7.904534627708176,12.977966793666535,20.40134231939018,30.708703385257778,44.26398599740296,61.10409602097466,80.79359079642134,102.33907964417406,124.20966333277072,144.48950362867032,161.15252686662274,172.4080497338372,177.0354742371899,174.6201519909255,165.62631797967944,151.28955817230303,133.36350698703916,113.79383158050284,94.40386702281944,76.65933658092709,61.544702283459195,49.54672052625853,40.71543148524282,34.76506546545005,31.18448985394665,29.340676370176084,28.570655781985835,28.26261864667025,27.925272372576018,27.239976451029502,26.08714400665346,24.53978391003961,22.822948394314388,21.245917092203545,20.121027657924074,19.686666853465468,20.051090774450753,21.16895723612925,22.85508266875396,24.831622916617658,26.797268925596377,28.50174381496792,29.80731257423149,30.721931763851416,31.395770099171433,32.08221667867236,33.07354093393948,34.62727766089339,36.9006783876811,39.90733870177059,43.50396457119977,47.40830152726118,51.243191325117216,54.59741476817392,57.091585245273684,58.43689801703701,58.47615244429635,57.20022974526508,54.7387016929974,51.329183238192705,47.27457317968023,42.89885252041538,38.51013832872219,34.37531354652598,30.705853756537838,27.651548215575964,25.298585197610315,23.670348075714294,22.731556005388445,22.39738728784999,22.54825299382571,23.048558083258673,23.765627502377413,24.584392887549544,25.414952735271385,26.19302705498485,26.87622026024429,27.440487143114165,27.880646567668617,28.216527967967647,28.503367099446773,28.842548578831373,29.387576604856438,30.340577080252924,31.93649109059912,34.414784461008054,37.98118932076458,42.76406521614617,48.7711971468174,55.85355816991214,63.6831655466389,71.75268824437606,79.40402243148102,85.89014645889775,90.46810740162013,92.51156125194373,91.62177545593818,87.71072491509759,81.03256681219335,72.15117015281497,61.84838341249606,50.9943442979621,40.411142014118724,30.760972254220203,22.480237422479423,15.766126614144572,10.607816157525724,6.845160571333283,4.2354458056070445,2.512411844039484,1.4285356043439692,0.7784727143809091,0.40653725116207273,0.20343329674772578,0.097538071110604,0.04480508812336979,0,0,0,0,0,0,0,0,0,0,0,0],[0,0,0,0,0,0,0,0,0,0,0,0,0,0,0,0,0,0,0,0,0,0,0,0,0,0,0,0,0,0,0,0,0,0,0,0,0,0,0,0,0,0,0,0,0,0,0,0,0,0,0,0,0,0,0,0,0,0,0,0,0,0,0,0,0,0,0,0,0,0,0,0,0,0,0,0,0,0,0,0,0,0,0,0,0,0,0,0,0,0,0,0,0,0,0,0,0,0,0,0,0,0,0,0,0,0,0,0,0,0,7.51475523197258e-15,0.0000022277191352766125,0.000008109605282305327,0.00002712769102839283,0.00008586525202046239,0.0002601359911256482,0.0007543399364142065,0.0020937413761156305,0.005562839692455773,0.014146766409463543,0.03443728214399332,0.08024531495016977,0.17899400203097948,0.3822037905052881,0.7812680102172476,1.5288531261008185,2.8642169038542318,5.137315162128565,8.822161250644792,14.505868970333314,22.838531017683245,34.43334981204322,49.718163127080125,68.75790749335661,91.0879575827355,115.61243007547444,140.62037932226173,163.95092641242658,183.29824425872008,196.60068648801746,202.42277807412617,200.23035495102098,190.48437233802318,174.5304910312345,154.32065159022025,132.04736969344063,109.78604693860981,89.22310817727659,71.50922271837918,57.234921006161265,46.49625734905272,39.00805563076051,34.229220205315855,31.479784391897194,30.043230164735018,29.254394496882366,28.572657482124853,27.635822308361938,26.28699431759478,24.567969185957576,22.67836495020221,20.907656820286043,19.554181190779023,18.848544671957697,18.897773138091004,19.661576153390964,20.964762558385168,22.54182499123429,24.10260838568436,25.403208014127948,26.30498932844551,26.807444336602767,27.047150949087,27.263619571172114,27.74098950202951,28.739903336168574,30.43516785151887,32.87216167395049,35.949771482815784,39.431735864585924,42.98299244209073,46.223597615907664,48.79009592282881,50.392973769135686,50.85942467190117,50.15350833466437,48.37081345229158,45.71085247294827,42.43572047835567,38.82611513055684,35.14466111021888,31.61227302142741,28.397968027312004,25.618444411615425,23.342343226613842,21.595393838147707,20.36525152410298,19.60698124364172,19.25065725133515,19.211420913973644,19.400600700388516,19.735421396410707,20.14518861412663,20.57343146538257,20.977430304184235,21.327764316575447,21.610372189851446,21.832204805020915,22.029507094648157,22.27594119909416,22.68682968334116,23.41606245378512,24.643566790472217,26.553234010051153,29.30323641744883,32.99225328764736,37.62607270992768,43.08959100419861,49.12969954734409,55.354961917099274,61.25764566212447,66.26143290086425,69.79315119659405,71.3695917068787,70.68314217129694,67.66589198231488,62.51391345152858,55.662211682250486,47.71395597100525,39.34042802397096,31.175841886849724,23.73105921569281,17.342749766899935,12.163038280843496,8.183574638402316,5.280811958876858,3.2675044832322806,1.9382415310023187,1.102067339451208,0.6005656075382935,0.3136298635928174,0.15694197007862815,0.07524735273051955,0.03456562377864808,0.015211537284396826,0,0,0,0,0,0,0,0,0,0,0],[0,0,0,0,0,0,0,0,0,0,0,0,0,0,0,0,0,0,0,0,0,0,0,0,0,0,0,0,0,0,0,0,0,0,0,0,0,0,0,0,0,0,0,0,0,0,0,0,0,0,0,0,0,0,0,0,0,0,0,0,0,0,0,0,0,0,0,0,0,0,0,0,0,0,0,0,0,0,0,0,0,0,0,0,0,0,0,0,0,0,0,0,0,0,0,0,0,0,0,0,0,0,0,0,0,0,0,0,0,0,0,0.000002382069243096101,0.000008775995659750974,0.000029436829872586995,0.00009324053218971567,0.00028269110508462845,0.0008203879331861856,0.0022789378640944388,0.006060131693554861,0.015425399486210562,0.03758557758858437,0.08766888327635473,0.1957577388312861,0.4184584467582776,0.8563622132499891,1.677828548375263,3.1472946618050166,5.6525424644600655,9.720448743698288,16.006173882224118,25.23912965334969,38.11352559272399,55.12404021109815,76.36748192465589,101.35416448268364,128.88906054740113,157.08245091026407,183.52642837132888,205.62955785059432,221.04986322503495,228.12554675020695,226.19165008197237,215.6971818383708,198.09369915260467,175.53244136982985,150.45820400766627,125.20647045512872,101.69269427022458,81.24054123959549,64.54877977749257,51.76208269122978,42.598007560923634,36.488800492389885,32.71310390472227,30.508606233720013,29.165483988893335,28.10127990851916,26.914227736534738,25.408948820634166,23.589269257188853,21.618069263829256,19.751412826653205,18.26059538675726,17.358733575142406,17.147229514520124,17.592536264233033,18.5366481248227,19.73731762710148,20.927641203351953,21.880559285759883,22.46290992909826,22.666318551236376,22.60803248780606,22.502239913292964,22.609506079274556,23.1766137358958,24.380285524112736,26.28616045473356,28.830188412629877,31.824776302176367,34.98759214863381,37.98733634770075,40.498031699617925,42.25165216677819,43.07876554995318,42.92898115195308,41.8675268165705,40.050320456862,37.68554594102286,34.99286851634137,32.170718270034364,29.377882100059743,26.729817133111258,24.3051639068843,22.155793299332217,20.31479488575896,18.7999700794973,17.61370678229658,16.741960227537692,16.154885827865403,15.810098842458297,15.657794428252892,15.646116277012199,15.725510049101262,15.851910114904559,15.989651452388498,16.115321327074213,16.223187367745666,16.33166846114692,16.489116584302742,16.776480278935356,17.304522121244883,18.204153492018715,19.609838112771456,21.637476345623583,24.359338700202972,27.779319687177384,31.812203168366658,36.27098241470874,40.86658859299143,45.22413286181412,48.91811400249267,51.52536500884693,52.68914203531939,52.18234046994507,49.95481961409902,46.151327593554925,41.093007439177775,35.22515135490746,29.043336566392345,23.01577523946735,17.51961406594089,12.803401551082173,8.9794446980972,6.0415789201794174,3.8985948762591702,2.412257115299926,1.4309198182043015,0.8136086092079111,0.4433715899724687,0.2315393514333121,0.11586346256970936,0.05555186309683453,0.0255183037042752,0.011230019475395602,0,0,0,0,0,0,0,0,0,0,0],[0,0,0,0,0,0,0,0,0,0,0,0,0,0,0,0,0,0,0,0,0,0,0,0,0,0,0,0,0,0,0,0,0,0,0,0,0,0,0,0,0,0,0,0,0,0,0,0,0,0,0,0,0,0,0,0,0,0,0,0,0,0,0,0,0,0,0,0,0,0,0,0,0,0,0,0,0,0,0,0,0,0,0,0,0,0,0,0,0,0,0,0,0,0,0,0,0,0,0,0,0,0,0,0,0,0,0,0,0,0,0,0.00000250197597720856,0.000009333069605407435,0.00003138940806486643,0.0000994965310189225,0.0003018848041785627,0.0008767782123871166,0.0024375890092587144,0.006487613721283543,0.01652842211874776,0.04031127769040239,0.09411963143168744,0.21037924550875484,0.45020059367455667,0.9223639368674534,1.8092791206129681,3.398062757892736,6.110790185941647,10.522614004552057,17.351360017137914,27.400246513286746,41.43994942668015,60.029858385848435,83.30042046394148,110.74363566576166,141.07725454412008,172.24884165771164,201.62137009819446,226.3344460919961,243.77799539954967,252.06940078831568,250.41090085759586,239.23096706830339,220.0741355410671,195.2764787198855,167.5214867529455,139.39351119888244,113.02864635283447,89.91776002826826,70.86429471331525,56.060157319538604,45.22679724053828,37.77400811937653,32.9464591574559,29.946071520649188,28.02949391602519,26.58253237217335,25.170721147796574,23.562249604472125,21.71974489006402,19.761666589901367,17.90042601212066,16.369917476637156,15.35763869050257,14.95517502533673,15.136186493559228,15.764635058917806,16.629399189551826,17.495963814677644,18.162518444340186,18.507223343993033,18.51579660568821,18.283568796249558,17.99238129982388,17.868607216892133,18.132431191177435,18.94955779310964,20.394892576623352,22.434438974926692,24.92784284313523,27.65043438418823,30.33052245243618,32.695057590431745,34.51483842595522,35.63986044834689,36.01700993808473,35.686391797050945,34.75836026635075,33.37892990557114,31.694472948665368,29.825967007130178,27.858713725221573,25.847202745165664,23.829331190552374,21.841715732333412,19.929074455783027,18.144574509626292,16.54252217181076,15.167766283899732,14.046675205464437,13.182884756274861,12.558461604636681,12.139074564479419,11.880978969686566,11.738057180666646,11.668162150703436,11.638842758485461,11.63274707683548,11.652606078428974,11.725027048499607,11.901798553136217,12.257340741105557,12.881413562366353,13.86706879684912,15.29481179729291,17.21474639301007,19.62898321045277,22.47690436274197,25.626135215524805,28.872298383954355,31.950449351343668,34.55992392670532,36.40172793898658,37.22380582879079,36.865696328459606,35.29196402336718,32.604861414972525,29.03126251377227,24.885751781944546,20.518440298077454,16.26010735754746,12.377197296167788,9.045303254161926,6.343767199022173,4.2682338409438145,2.7542658437533207,1.7042030680444626,1.0109112838970924,0.5747953951277796,0.31323162644894137,0.16357711957720927,0.08185481796682696,0.039246087932768306,0.01802808285899866,0.007933745280092715,0,0,0,0,0,0,0,0,0,0,0],[0,0,0,0,0,0,0,0,0,0,0,0,0,0,0,0,0,0,0,0,0,0,0,0,0,0,0,0,0,0,0,0,0,0,0,0,0,0,0,0,0,0,0,0,0,0,0,0,0,0,0,0,0,0,0,0,0,0,0,0,0,0,0,0,0,0,0,0,0,0,0,0,0,0,0,0,0,0,0,0,0,0,0,0,0,0,0,0,0,0,0,0,0,0,0,0,0,0,0,0,0,0,0,0,0,0,0,0,0,0,0,0.0000025718525341902333,0.000009715519059148576,0.00003275996951010532,0.00010391406977455154,0.00031552057282550563,0.0009170873805383134,0.002551708668042526,0.006797057656195814,0.017332010260510178,0.04230995048736612,0.09888080715528133,0.22124247081944137,0.4739407339054861,0.9720569951025814,1.908912407445463,3.5894082616565965,6.462793354271989,11.142911055495691,18.39846287614193,29.0935265401586,44.063163225278046,63.923202297345995,88.83670956768053,118.2867313895006,150.92529864011803,184.57032368927335,216.39686567468905,243.31897100734216,255,255,255,255,238.28425904301136,211.58903040646706,181.53926819525824,150.9332058030138,122.09849382452803,96.67196689356577,75.54861611273772,58.96184254282716,46.637562304545284,37.96890731357789,32.176432516466804,28.438839233512486,25.992759462279157,24.204780856126796,22.617418375860044,20.96797466462718,19.17888184706775,17.321222098667814,15.558214712894658,14.080005172524526,13.043019130517049,12.525714575570088,12.50837827550171,12.879009233408139,13.461720294384298,14.059600837395895,14.501366309001668,14.68083643295131,14.580374643775164,14.27354662705635,13.90727349600272,13.668468948498303,13.743207607673106,14.27731511726426,15.346051681407106,16.938057212072778,18.955815219944025,21.232074943633688,23.559084710502034,25.72509310504759,27.55065335187295,28.916539221232725,29.77640585924918,30.15105950184322,30.10661473130623,29.724105414839133,29.071074329233483,28.18476082363195,27.07184549129103,25.723109803589068,24.135636124556285,22.332725545489044,20.37342980142614,18.348433916764904,16.36463370475344,14.524688622975555,12.908714147003964,11.563294279440923,10.499528119967836,9.698613521257812,9.121704002086197,8.720721704338672,8.447904017944111,8.263233789146444,8.13984971718658,8.067791922358559,8.056162469943768,8.133341447476177,8.34465074022446,8.74698317031954,9.400376803294785,10.357126962888243,11.649578604578808,13.278109318990955,15.201049495704826,17.328472093393735,19.521938891725004,21.60216708796328,23.36578479761976,24.61058306612973,25.16610649836991,24.92383594269615,23.859787154213326,22.043069049589597,19.627048531425114,16.824394974717627,13.871799453842183,10.992885946231475,8.367785509168879,6.115208982643084,4.288795863798571,2.8856012838942977,1.8620612453170153,1.152151102763764,0.6834411691524165,0.388598723096804,0.21176476105605485,0.110588671847771,0.0553391306283689,0.026532883929648324,0.01218814548877559,0.005363722943774888,0.002261248140425454,0,0,0,0,0,0,0,0,0,0],[0,0,0,0,0,0,0,0,0,0,0,0,0,0,0,0,0,0,0,0,0,0,0,0,0,0,0,0,0,0,0,0,0,0,0,0,0,0,0,0,0,0,0,0,0,0,0,0,0,0,0,0,0,0,0,0,0,0,0,0,0,0,0,0,0,0,0,0,0,0,0,0,0,0,0,0,0,0,0,0,0,0,0,0,0,0,0,0,0,0,0,0,0,0,0,0,0,0,0,0,0,0,0,0,0,0,0,0,0,0,0,0.000002578737035681138,0.00000986482794048095,0.0000333443264628017,0.00010583971941197547,0.0003215961152404336,0.0009354401516352936,0.0026047882159020677,0.006944040655806866,0.017721694660103805,0.04329911700999336,0.10128482080044988,0.2268363920442561,0.4864033310654261,0.9986406437142554,1.9632043785379023,3.6955712058564996,6.661552965994603,11.499200404923803,19.009966589691995,30.098417997767992,45.64428611267565,66.3052011321947,92.27268795588896,123.03238779744154,157.20130925830225,192.51758281001972,226.0329798543315,254.50665616219808,255,255,255,255,250.56981326142594,222.55031805790455,190.8691986495339,158.47838108424574,127.84601421597546,100.71740168783231,78.05617372699936,60.127456614379305,46.66229011365563,37.04524040908492,30.485570466378494,26.154011331871597,23.28290743404279,21.234182797080276,19.539403127745306,17.91373606652756,16.244611482846608,14.557723654363105,12.966694520913885,11.616133651625494,10.62918186343862,10.069244141195927,9.922002131612052,10.099102234373996,10.460337748879349,10.847611981038195,11.12202978780462,11.19540516631406,11.049233433615026,10.73746098956374,10.373269092452375,10.103702620373676,10.078295396935182,10.418495697303358,11.193807135890324,12.408719009581167,14.002334853341056,15.860432853141829,17.837570933071838,19.78475904694401,21.57648339510253,23.130205511267295,24.412703190474907,25.431097612914844,26.211418404484863,26.772344971736587,27.10419723683742,27.161852624146796,26.875183724192055,26.17371881750717,25.01643377019784,23.41542407962634,21.444611583315396,19.230468991071433,16.928379687646828,14.692907682092862,12.651281712741332,10.886917536789056,9.435384581428957,8.290959114651429,7.419355374499532,6.771882952805904,6.297594025595312,5.951913876240679,5.701836130750921,5.528526750737719,5.4281560214372115,5.411330226613764,5.501047265752079,5.728929980164102,6.12964846403241,6.733806276060417,7.55995455425857,8.606686392116655,9.845955185139937,11.2188947798449,12.635516087616232,13.979563006592834,15.11928418180077,15.923730419021405,16.282525699780916,16.1253846962559,15.436729642572107,14.261224833462563,12.698058609579201,10.88479591407278,8.974550721306123,7.111988888586096,5.413642047666725,3.956307905123206,2.774687140967613,1.8668734748048195,1.204682140529683,0.7453974764065785,0.44216014533212417,0.251408417634024,0.1370036474968488,0.07154661225357009,0.03580228632593765,0.017165753998657995,0.007885260683194742,0.0034701221390702214,0.0014629404457082787,0,0,0,0,0,0,0,0,0,0],[0,0,0,0,0,0,0,0,0,0,0,0,0,0,0,0,0,0,0,0,0,0,0,0,0,0,0,0,0,0,0,0,0,0,0,0,0,0,0,0,0,0,0,0,0,0,0,0,0,0,0,0,0,0,0,0,0,0,0,0,0,0,0,0,0,0,0,0,0,0,0,0,0,0,0,0,0,0,0,0,0,0,0,0,0,0,0,0,0,0,0,0,0,0,0,0,0,0,0,0,0,0,0,0,0,0,0,0,0,0,0,0.0000025148442248860193,0.000009740209302883158,0.00003299748396034032,0.00010480690758729059,0.0003186736588382663,0.0009275935103839422,0.00258483596800413,0.006896105004856845,0.017613337604930116,0.04306989164754829,0.10083498957228793,0.22602988563305346,0.4851211603190557,0.9969604315950802,1.961840770416814,3.6967826665542804,6.670775960587503,11.527660633861867,19.078368775052745,30.24146669359749,45.91523288449683,66.77894814879467,93.0454468649049,124.21584006023643,158.909961647795,194.84966565410082,229.0475138095154,255,255,255,255,255,255,226.61895413665073,194.21108703066201,160.98427927772354,129.47657033310017,101.4898770330922,78.02519304340936,59.36658882033545,45.25165592606867,35.06719069300998,28.02705168921843,23.311760579510736,20.166861846964117,17.965537077483628,16.242066662597146,14.700611757972824,13.202201513408209,11.733413599113968,10.362502312763182,9.191020964575921,8.309795369605322,7.766831940554863,7.5517593520228345,7.597642553227394,7.797434449367486,8.029675156286014,8.186688125717499,8.198615389824743,8.048062862828504,7.7726475231541485,7.455627045284177,7.207456159545729,7.142802340480646,7.358033981932011,7.913563942795733,8.824112358420091,10.058370099665607,11.547876850774236,13.203203779922795,14.933762125020934,16.66609667175603,18.35506423700409,19.983595218465535,21.550043204735818,23.046725174209364,24.437454721171175,25.643653344185495,26.546633628702686,27.00812390859567,26.904008296369934,26.160566289197774,24.780792626844395,22.851558291150045,20.529144291599835,18.008165185028147,15.484033859694632,13.120073300589189,11.027292308751797,9.259509752296983,7.821364255891557,6.683648310996911,5.799991185855596,5.1205779958330195,4.601082862601915,4.207115994648387,3.91558283392954,3.7144120191247993,3.6015406361682625,3.5833691079363597,3.672482541858239,3.884392461422941,4.233285967428636,4.727095671840721,5.36247422565987,6.120434413645432,6.963513650351068,7.835367371776463,8.663612361601762,9.366391511650539,9.862407119873406,10.083136504207673,9.984906807056616,9.557943308544127,8.829795138978849,7.861793323632591,6.739050318246996,5.556322904142118,4.403150862844491,3.3516651790439793,2.4494033091040257,1.7178438846660216,1.1558040637390565,0.7458329940496606,0.4614842729489593,0.2737464515813395,0.15564983572463165,0.08482052338917297,0.044295323018105875,0.022165602837653113,0.010627513405309272,0.004881854444221225,0.002148391995763261,0.0009057230316049114,0,0,0,0,0,0,0,0,0,0],[0,0,0,0,0,0,0,0,0,0,0,0,0,0,0,0,0,0,0,0,0,0,0,0,0,0,0,0,0,0,0,0,0,0,0,0,0,0,0,0,0,0,0,0,0,0,0,0,0,0,0,0,0,0,0,0,0,0,0,0,0,0,0,0,0,0,0,0,0,0,0,0,0,0,0,0,0,0,0,0,0,0,0,0,0,0,0,0,0,0,0,0,0,0,0,0,0,0,0,0,0,0,0,0,0,0,0,0,0,0,0,0.0000023794897849356686,0.000009327766451298945,0.00003166581521538572,0.00010063909619102445,0.0003061967842818862,0.0008918683709638707,0.0024870007097109828,0.006639833115975753,0.016971404778723255,0.04153217466799477,0.09731258778092393,0.21831458706994103,0.46896300013360914,0.9646063741528835,1.8999060425410368,3.5834439145013244,6.472517684373554,11.196175360963345,18.54864228049109,29.43241758555068,44.73429680248472,65.13147808041538,90.84865366391297,121.4153908528836,155.4957671268034,190.8665005312854,224.59653964836676,253.43071265542918,255,255,255,255,251.13883523313947,222.93782951363548,190.86450278309536,157.9154840160503,126.61484727769171,98.75962581157,75.35155301617965,56.67938853855472,42.48991945080181,32.18541854821062,25.002664059392178,20.151424131841253,16.908767223582895,14.675402366365947,13.002453023954962,11.59533355960303,10.299352777021276,9.071188086434345,7.94136463748235,6.974147867868491,6.2316008694203235,5.747431968687946,5.513902536371653,5.482188885208945,5.5739268427275785,5.699764019190434,5.7798464498160795,5.761346261991635,5.6292532168779665,5.408519214400536,5.157711179310951,4.956216833178366,4.8882275944958025,5.027062856037687,5.422963631181518,6.096556756083323,7.039041241732929,8.218862953677133,9.593241300144104,11.12144723824844,12.775575969383443,14.544361297133348,16.426993846453428,18.41708608536252,20.481126466835587,22.539362398698387,24.458164121555985,26.060350925343975,27.15407036923285,27.573651967533692,27.220413075228848,26.090234131649478,24.278648027740125,21.961741221504266,19.359243848392136,16.691525001795913,14.142891769646216,11.83984045627633,9.846769687414914,8.1758651100934,6.80449706202626,5.6932220753299125,4.7996166620752305,4.086215235148462,3.523355855714335,3.0889838393614886,2.767419069910769,2.5482744236841928,2.425765106277689,2.3980307246375805,2.465948952095772,2.63114033004896,2.8932270075886017,3.2467236264817014,3.6781309744631296,4.163874570071863,4.669723772326474,5.15222726351983,5.562450685591898,5.851847306333935,5.979472151270359,5.919136797676992,5.664779349421185,5.232500352318869,4.6584652343713,3.9929750857219277,3.2920833400585163,2.608782207776886,1.9857712300575594,1.451193560954576,1.0177626728815696,0.6847714655302412,0.44187777675719275,0.27341159519220715,0.16218406449555559,0.09221639360251828,0.050252801326492846,0.0262432198595347,0.013132237869154236,0.006296378373956249,0.002892304133951084,0.0012728365290516884,0.0005366047546740181,0.0002167054357375158,0,0,0,0,0,0,0,0,0],[0,0,0,0,0,0,0,0,0,0,0,0,0,0,0,0,0,0,0,0,0,0,0,0,0,0,0,0,0,0,0,0,0,0,0,0,0,0,0,0,0,0,0,0,0,0,0,0,0,0,0,0,0,0,0,0,0,0,0,0,0,0,0,0,0,0,0,0,0,0,0,0,0,0,0,0,0,0,0,0,0,0,0,0,0,0,0,0,0,0,0,0,0,0,0,0,0,0,0,0,0,0,0,0,0,0,0,0,0,0,0,0.0000021798162196841213,0.000008645283490637828,0.00002940442605113453,0.00009350602237454041,0.00028466487222254957,0.0008296677728939704,0.002315045877353885,0.006184863540157055,0.015819443819557934,0.03874083653795412,0.0908395105863628,0.2039485152703167,0.4384488987148979,0.9025757263176811,1.7792177840682024,3.3586994484299812,6.071933404117524,10.512736378223732,17.432467131830947,27.687297548228788,42.12200004330491,61.3870835907543,85.70847201113335,114.65591063922378,146.97814386258128,180.57760975016762,212.67605391012214,240.17518141590458,255,255,255,255,238.42443139714058,211.5303082330819,180.88911564109264,149.36924146383444,119.39301500448957,92.68832107134318,70.21982233568242,52.267001830753074,38.589712016092975,28.62037797085552,21.6380059984037,16.90125824357329,13.736485486926217,11.587225754627902,10.034707826330557,8.79755084789641,7.71652334496182,6.728903515551364,5.836932476451746,5.075285452182687,4.482460933845827,4.080028387638376,3.861898347612803,3.7936819049338797,3.8203118184990843,3.878801257551351,3.9124638393854307,3.883132834824094,3.7787573578582556,3.615087168205251,3.431580197279262,3.282958684266252,3.2286335717851777,3.3224497531729957,3.604908982210624,4.099382683365571,4.8129861640335525,5.741779080189804,6.878808222758673,8.222313902080899,9.780557979911546,11.569793369666362,13.603425605806821,15.873471757110956,18.329230219976186,20.861095789395353,23.29795880441735,25.42358936197165,27.011310395904857,27.86919698991275,27.882976489324072,27.043214956862432,25.44793274514982,23.279872619092387,20.765991628405516,18.131991273862425,15.564930901948856,13.192551851563971,11.081159948543434,9.24774229753741,7.678664741085663,6.347460422280481,5.226960820954336,4.294602560937759,3.5325493619042185,2.9254599363746903,2.458382330899807,2.116040710493361,1.8835054308774901,1.7474508515068046,1.6970589858940892,1.7239536781491225,1.821052433188781,1.9806484086783884,2.1922713486153005,2.4409257498317176,2.706236622836101,2.9628896436426913,3.182537884888957,3.3370460102867727,3.402576642980094,3.36367858061711,3.2163697797684647,2.9693186024064095,2.642665735181799,2.264659424526796,1.8668898766392754,1.4792754402431276,1.1259456990714511,0.8228092157390754,0.5770471059324764,0.38824396791482946,0.2505287954047606,0.1550137327506314,0.09195175332814641,0.052282829315231816,0.028491194168924556,0.014878774135264226,0.0074454089074601475,0.0035697720298401773,0.00163980994607505,0.0007216424560134234,0.00030423134804274043,0.00012286247236602453,0,0,0,0,0,0,0,0,0],[0,0,0,0,0,0,0,0,0,0,0,0,0,0,0,0,0,0,0,0,0,0,0,0,0,0,0,0,0,0,0,0,0,0,0,0,0,0,0,0,0,0,0,0,0,0,0,0,0,0,0,0,0,0,0,0,0,0,0,0,0,0,0,0,0,0,0,0,0,0,0,0,0,0,0,0,0,0,0,0,0,0,0,0,0,0,0,0,0,0,0,0,0,0,0,0,0,0,0,0,0,0,0,0,0,0,0,0,0,0,0,0.0000019300311944091402,0.000007741022730787244,0.000026373922837138493,0.00008391435049584559,0.0002556075775242508,0.0007454113362632542,0.002081192224309933,0.00556354054262438,0.014239374027944366,0.034894448388034335,0.08187643264994014,0.18395456213878086,0.3957527234924405,0.8152904737701197,1.608385906717018,3.038596394852044,5.4976542451226615,9.526248809848534,15.80982425151325,25.131359495013566,38.26619976952851,55.81566049970385,77.99644609609709,104.42765672359418,133.97744215982945,164.73619156302047,194.16422348393186,219.41908892502803,237.81164759042022,247.29060843751643,246.8330628091009,236.63598504455723,218.05756499821848,193.32898682432537,165.12057846194065,136.07875081255918,108.44298327266105,83.81271698253832,63.081064784167786,46.506198550913744,33.86567619185084,24.63652920689065,18.15821291184535,13.756133630448337,10.821417937145648,8.853330533260872,7.4742809602782145,6.42637128441851,5.556012194772991,4.791261243391403,4.115733384315736,3.542742172741759,3.0930464352087146,2.778786573160006,2.594914122207038,2.517965138897321,2.510748590959226,2.5306875000550697,2.539240754851923,2.510045162671908,2.434026563701007,2.32065036956496,2.195425500218389,2.0946297282352453,2.0587404031165537,2.126210732054886,2.3290341812796345,2.6910912209559035,3.229647106136588,3.9595655797820837,4.898855321820174,6.073201042796576,7.516520379245159,9.264860350416908,11.342543833597691,13.742367529097148,16.405063523408298,19.20572473668334,21.954899671563723,24.41873100342169,26.35642666765766,27.56659905804425,27.929460425455403,27.431838829479762,26.166991608741004,24.30948933033154,22.07369199756608,19.669174034121703,17.266066590878335,14.978225631667637,12.864911667607368,10.945430311854583,9.218215995943313,7.676675968444159,6.317585309746996,5.141928002176413,4.151019727619495,3.3416745853539065,2.7033079259163433,2.2180991718467653,1.863668728105149,1.6167944535306364,1.4566365087698367,1.366490644215244,1.3338368505633498,1.3490539014553662,1.403479363199125,1.4875220191257896,1.5893877570413197,1.6947610694301365,1.787550307740846,1.8515704311184804,1.8728132683153975,1.8417724021828956,1.7552239007614872,1.616945125429258,1.43711502116727,1.2304935551554876,1.013817286718974,0.8030480576682147,0.6111057549332489,0.4465181751393643,0.3131224084192098,0.21066104283833248,0.13593223231662283,0.08410575393976696,0.049889564694439635,0.02836645785498159,0.015458036133182956,0.00807252473083056,0.00403952106725775,0.0019367839763007521,0.0008896798900950897,0.00039152713059056963,0.00016506072465982997,0.00006665903711995289,0,0,0,0,0,0,0,0,0],[0,0,0,0,0,0,0,0,0,0,0,0,0,0,0,0,0,0,0,0,0,0,0,0,0,0,0,0,0,0,0,0,0,0,0,0,0,0,0,0,0,0,0,0,0,0,0,0,0,0,0,0,0,0,0,0,0,0,0,0,0,0,0,0,0,0,0,0,0,0,0,0,0,0,0,0,0,0,0,0,0,0,0,0,0,0,0,0,0,0,0,0,0,0,0,0,0,0,0,0,0,0,0,0,0,0,0,0,0,0,0,0.0000016492712448625674,0.000006686509060842273,0.000022816307744476254,0.0000726316207553882,0.0002213551950039249,0.0006458716782704615,0.0018042826015442141,0.004826055689126887,0.012359178121236821,0.03030543801409192,0.07115354743983537,0.15996664265273067,0.3443750448021157,0.7099315716343471,1.4015155641596735,2.6496653009764657,4.797467340054583,8.319145363045934,13.816903358619788,21.980121602941672,33.49360797472693,48.891718530054966,68.37295737588327,91.6114806602366,117.62002826223761,144.72347405493844,170.68598543593225,192.99734880709232,209.27467374743006,217.69159799716468,217.32674331410732,208.33767914461933,191.9136398081456,170.02361189186612,145.03298521564912,119.29172511083785,94.7917128735629,72.95663631464294,54.580876937084305,39.89240940969602,28.6911193512019,20.51097412424032,14.766774647897497,10.864671586407209,8.272144524922066,6.553401095945194,5.379852531449747,4.5246450391242785,3.8478766496493493,3.2769900806458936,2.7855694762044996,2.3731722800686534,2.0483906972368238,1.816705307303609,1.6738121913603445,1.6041516732925178,1.5835507313027843,1.584390235254827,1.5815567854045154,1.5576264221981095,1.50615405676336,1.432559120458561,1.3527021725699326,1.2897951208849392,1.2706129657216492,1.322078704141332,1.4691618078143234,1.7347159073731093,2.1414060865854774,2.715224928476744,3.4893122863558514,4.5060217337966,5.814767314649129,7.463598771347898,9.484040258443347,11.871394287730974,14.565706797798345,17.440591149888597,20.306739824149396,22.933526203455312,25.08626265457081,26.570461122227147,27.270538409605,27.17092579724541,26.35281579023598,24.96796419246459,23.198748439698303,21.21780914544577,19.15944851246328,17.109297659049968,15.111305007158132,13.185098042655877,11.344478598092904,9.60956093139447,8.009390572859507,6.576493061219586,5.337743005548862,4.3064019163227965,3.47857288022525,2.834838078741475,2.3457076039983638,1.9784559710032834,1.7030432196244116,1.4957101525184562,1.3399356731336427,1.2252983626067326,1.1451981368964552,1.094397977632874,1.067100231704738,1.0559416336757204,1.0519864740132086,1.045561222502127,1.0276129882810732,0.9911831339489894,0.9325894554435987,0.8519907031854018,0.7531825737027347,0.6426834024127703,0.5283578534080394,0.41793383113503596,0.3177611939964309,0.23205041935946397,0.16266905085623595,0.10941548021461908,0.07059212468243492,0.04367382164111354,0.025904847186270605,0.014728590655540413,0.00802602724396922,0.004191309418855587,0.0020973283145739405,0.0010055765690095545,0.00046191905773012643,0.00020327875284513187,0.00008569862885862594,0.00003460900886015833,0.000013387386937725729,0,0,0,0,0,0,0,0],[0,0,0,0,0,0,0,0,0,0,0,0,0,0,0,0,0,0,0,0,0,0,0,0,0,0,0,0,0,0,0,0,0,0,0,0,0,0,0,0,0,0,0,0,0,0,0,0,0,0,0,0,0,0,0,0,0,0,0,0,0,0,0,0,0,0,0,0,0,0,0,0,0,0,0,0,0,0,0,0,0,0,0,0,0,0,0,0,0,0,0,0,0,0,0,0,0,0,0,0,0,0,0,0,0,0,0,0,0,0,0,0.000001358585968751706,0.000005564964984661235,0.000019015578015110537,0.00006056109074469698,0.00018465805351382226,0.0005390663624632401,0.0015066936374614867,0.004032206205041436,0.010331846106580448,0.0253485837564657,0.059549933698876685,0.13395916170933758,0.28856219518296505,0.5952443539577381,1.175854806395861,2.2244840577953124,4.03030390787697,6.99352703272449,11.623139147111361,18.502918535716848,28.21436695645753,41.21362898093158,57.6744768306923,77.32794479715106,99.34470579927134,122.31054860971142,144.33194122983318,163.27718147980107,177.11678008032766,184.2889707819945,183.9983365481483,176.3671820218916,162.39873694998207,143.76510483941718,122.48142954620072,100.55384276595856,79.68501434641317,61.09242371545449,45.454475954235484,32.96381725096964,23.44639148423881,16.501637896161686,11.62942679734107,8.325188730121377,6.139208438582617,4.705337254736983,3.7479464669923575,3.0755167396999434,2.567119414995455,2.155888959506658,1.812126305923916,1.5278688274107344,1.3042631379717147,1.1425862853013096,1.0391825291697219,0.9839945450903274,0.9618804572948149,0.9556318325650035,0.9495518061741254,0.9326064192005344,0.9004512106065378,0.8560358087519007,0.8088636587017646,0.7733266629733383,0.7667338306546988,0.8077217117901617,0.9156466886814559,1.1113351296476988,1.4192010250482563,1.870211976066588,2.504540959965347,3.3721314402299947,4.529144650089969,6.0287418524909855,7.906150233330152,10.160337719838306,12.737176778320284,15.520535910060202,18.337114283220398,20.977500289706757,23.23056929007757,24.92284598052656,25.951303503534653,26.29909622278385,26.02907101027417,25.257680698354243,24.118917231920474,22.731045327474497,21.17688522478628,19.502181119858964,17.72908375306271,15.87627797638373,13.975936031585094,12.080545915728319,10.257948875586923,8.57802175728804,7.097264304595826,5.847361594077404,4.83127234722438,4.027050487879606,3.3969293672344167,2.8980329207838493,2.49145153207514,2.1477627125415535,1.8486323240753417,1.5853146060881964,1.355428007067533,1.1593699955386245,0.9973678881743565,0.8676808351098579,0.7660382564896774,0.6860980724368636,0.6205450058334251,0.5623998784536671,0.5061626480532337,0.44851800425214244,0.38848927894089186,0.3270805683344659,0.26657074817459125,0.20968475682285714,0.15885867191531478,0.1157461131592612,0.08102202972048389,0.05444780837531731,0.035108069793359675,0.021712671102665147,0.012875759593375002,0.007319640262118354,0.003988307711487501,0.0020826334401207267,0.0010421102966038463,0.000499633666323087,0.00022950632442222588,0.0001009979256111956,0.00004257889042166191,0.000017195294901275207,0.000006651449259405945,0,0,0,0,0,0,0,0],[0,0,0,0,0,0,0,0,0,0,0,0,0,0,0,0,0,0,0,0,0,0,0,0,0,0,0,0,0,0,0,0,0,0,0,0,0,0,0,0,0,0,0,0,0,0,0,0,0,0,0,0,0,0,0,0,0,0,0,0,0,0,0,0,0,0,0,0,0,0,0,0,0,0,0,0,0,0,0,0,0,0,5.798807075609005e-15,1.9970279854258938e-14,6.581425688954752e-14,2.0756119074129767e-13,6.264157451685272e-13,1.8091289256709406e-12,4.9999620731095236e-12,1.3223738209745567e-11,3.3468181549362076e-11,8.105882979509126e-11,1.87870626535379e-10,4.166849147971878e-10,8.843964948956801e-10,1.7962905605551338e-9,3.4913750421839423e-9,6.493917377846716e-9,1.1558656428308684e-8,1.968784997513305e-8,3.209072789825072e-8,5.0055428699487125e-8,7.471591902205415e-8,1.0672482235572771e-7,1.458841397563451e-7,1.9082754246640908e-7,2.3887152175251723e-7,2.861396460132018e-7,3.2800618664213416e-7,3.5981260634100956e-7,3.777122372601538e-7,0.0000014571973054222502,0.000004822974914644186,0.00001558824805514875,0.000048893615761220564,0.00014849742029888482,0.00043317894065874447,0.0012109108658424832,0.0032419201616348866,0.00831086065078055,0.02040066114917451,0.047951517432545214,0.10792705604402929,0.2326161535831658,0.4801130844193093,0.9489747965934556,1.796335576212848,3.2565450303101486,5.654313735109285,9.403159314837783,14.97816343360162,22.853697336268283,33.40357432572092,46.7732455363068,62.74874325332775,80.65983086603089,99.35851815806316,117.30346623086233,132.75533562131366,144.0540108657469,149.91760606899487,149.68810599488555,143.45750517278682,132.04017837611113,116.80115383115007,99.38995954993031,81.45159622658981,64.38369669485431,49.18579539054167,36.41389425651887,26.223897331155435,18.469947719349097,12.820687842963464,8.864607519484329,6.188715934706107,4.426966949994942,3.2828455972916126,2.5337380364822573,2.0244647188248193,1.6555157026305527,1.3695382814047328,1.1381759794462827,0.9505032126170829,0.8038068845373867,0.6970959687316676,0.6273586710542166,0.5882485703721392,0.5706124433713037,0.5641378345682225,0.5593940969344539,0.5496598906849921,0.5321202490268617,0.5082701965242706,0.48358702587806385,0.4667430171443393,0.468748411777545,0.5024591564711987,0.582823683121709,0.7280819142543532,0.9618477309736534,1.315583854097357,1.8304618232335939,2.5571279349574683,3.5517434844960825,4.867156783845822,6.539398679677625,8.571724653463441,10.920525979003013,13.48858857491286,16.13040365536657,18.671144520676737,20.93620160753474,22.783553513010347,24.128917042943026,24.955107105512237,25.30230189909172,25.24304780208097,24.851803019243757,24.180844424305555,23.251390188210173,22.06209176550058,20.609651024641654,18.911524962044542,17.020463182192167,15.024748583038077,13.034311889158275,11.15846065275331,9.483579186425526,8.05818316883549,6.8891302438928905,5.948465284722697,5.187094901104072,4.550204544179891,3.9900108362638576,3.473322007313992,2.9834906523579456,2.5179402756350715,2.083210346421788,1.6894579343060916,1.345857399613537,1.0576647141705764,0.8250929930385893,0.6437019958719924,0.5057685829235519,0.4020499000037005,0.32344072915699745,0.26218634382032746,0.21250968021942768,0.17068265936094873,0.13469104091384865,0.10369288528056866,0.07745886418686296,0.055924736902983684,0.03891853464932936,0.02605608785737308,0.016761089558772556,0.010350294067495646,0.006131924336152934,0.003483780829256133,0.0018974992085250809,0.0009906079791448916,0.0004956059341670655,0.00023759098470920522,0.00010912904466343841,0.00004802012217237869,0.000020244411037545924,0.000008175615062907649,0.0000031624749134911484,0,0,0,0,0,0,0,0],[0,0,0,0,0,0,0,0,0,0,0,0,0,0,0,0,0,0,0,0,0,0,0,0,0,0,0,0,0,0,0,0,0,0,0,0,0,0,0,0,0,0,0,0,0,0,0,0,0,0,0,0,0,0,0,0,0,0,0,0,0,0,0,0,0,0,0,0,0,0,0,0,0,0,0,0,0,0,0,0,0,0,1.9970279854258938e-14,6.87748483881982e-14,2.2665508808056182e-13,7.148116866004883e-13,2.1572881409950676e-12,6.2303867790410215e-12,1.7219169487577914e-11,4.554070334204772e-11,1.152597323965481e-10,2.7915526323950235e-10,6.470001397507212e-10,1.4350045192138047e-9,3.045737731038001e-9,6.1861732466900986e-9,1.2023806924334666e-8,2.2364142433970332e-8,3.980639476410074e-8,6.78021994188833e-8,1.1051597483739995e-7,1.7238388970694967e-7,2.573111664146658e-7,3.675453489054239e-7,5.024045565313219e-7,6.571833443095633e-7,8.226400837985247e-7,9.854248871837315e-7,0.0000011296073926521852,0.0000012391442498482578,0.0000013007880731523274,0.000002129430306855948,0.000004691323886104159,0.000012921138291936976,0.00003851996460625813,0.00011530648266223246,0.00033509866469090446,0.0009360661428405543,0.0025064213513983193,0.006427795121523904,0.015785466975161883,0.03712148886526697,0.08359304804645754,0.18026098212824135,0.3722477138124314,0.736162747323634,1.3942507476980934,2.5289941058999292,4.39349698295501,7.310472958151577,11.651235908023448,17.787332920313503,26.01271929126814,36.4438448680675,48.91683336467115,62.91099970521654,77.53100111718952,91.57177809383998,103.67063651902436,112.52411008443998,117.12277290496917,116.94507401008856,112.05798247963538,103.09698079491672,91.1323832330021,77.46056108646152,63.37621734635181,49.980288725970816,38.060121273288836,28.052841974977117,20.07934601608525,14.022190841252572,9.618016306703064,6.541368824680761,4.467139153009373,3.108615022443293,2.23467523256713,1.6723744502653253,1.3010501990582284,1.0425799875218065,0.8507099283984227,0.7010717265067624,0.5827082791371413,0.4914878273573137,0.42551558232215836,0.3824372720457284,0.3583510916818236,0.34791141171208106,0.34515499568233293,0.3445996129361134,0.34225336229654074,0.33629547095102275,0.3273473281183168,0.31838429816924485,0.3144642150398807,0.3225134336216121,0.3514375624497068,0.4127797197724134,0.5220338742157778,0.7005103563290462,0.9773276533915107,1.3907080827681952,1.9874025862002525,2.818987709667176,3.9342215662525613,5.3677665890778306,7.127238591732649,9.18218568738265,11.459397375648926,13.848101652045564,16.215871029049293,18.432086120309233,20.392140263660828,22.03406569825474,23.34115147721476,24.32917978510597,25.023252545860615,25.43398115324077,25.54362810504887,25.30888967025422,24.679907807972306,23.62793644620869,22.170120559730623,20.380850712805277,18.38457941277985,16.33229928173559,14.369886425304081,12.608863083211205,11.108308141097996,9.871922872630803,8.858885260709576,8.003180057117087,7.234667396753417,6.496148758261091,5.75315814245466,4.995957372302701,4.235327730961102,3.494814609471105,2.802149871408613,2.1819687615591357,1.6510333225031748,1.2162798164793678,0.8753138725967654,0.6185678175943375,0.43220810386788766,0.30099299692173365,0.21052804859546267,0.14867052553419893,0.10609596607378492,0.076215318469228,0.05470258633654058,0.03887901282020579,0.027130362345471736,0.01845634673939017,0.01217419984022463,0.007756323490260862,0.004760208075192271,0.002809049743348583,0.0015919376923661075,0.0008656857669655715,0.0004514891174395156,0.00022573858859751048,0.0001081718073956611,0.000049669296572106935,0.00002184863994264442,0.00000921098963518791,0.0000037198170628952666,0.0000014388921266064135,0,0,0,0,0,0,0,0],[0,0,0,0,0,0,0,0,0,0,0,0,0,0,0,0,0,0,0,0,0,0,0,0,0,0,0,0,0,0,0,0,0,0,0,0,0,0,0,0,0,0,0,0,0,0,0,0,0,0,0,0,0,0,0,0,0,0,0,0,0,0,0,0,0,0,0,0,0,0,0,0,0,0,0,0,0,0,0,0,0,0,6.581425688954752e-14,2.2665508808056182e-13,7.469668077323302e-13,2.355740646245517e-12,7.1095806835147844e-12,2.0532925877330338e-11,5.674766965463503e-11,1.5008440395215667e-10,3.7985114341545687e-10,9.19986917609238e-10,2.132260224487838e-9,4.7292154518834925e-9,1.0037564165930896e-8,2.0387215311560905e-8,3.9625780083383184e-8,7.370349469338309e-8,1.3118635842714847e-7,2.2344961626960004e-7,3.642175678773077e-7,5.681100957818089e-7,8.479972905012796e-7,0.0000012112861806621638,0.000001655729553483441,0.000002165820096742275,0.0000027111010059885865,0.0000032475762555041197,0.0000037227455832817268,0.000004083736361126969,0.000004286890370594828,0.000004910335552601269,0.0000066839047177770635,0.000012530495843461185,0.000031164872909267,0.00008773385584467716,0.0002504713182215963,0.0006963852751274409,0.0018627873772893743,0.0047773639948607656,0.011736221053552761,0.027610799210273738,0.06220423375867262,0.13420049555191388,0.2772628993254448,0.5485853486127975,1.0395006788570889,1.886459960953974,3.2788965443295286,5.458601622074375,8.704151161349591,13.294821514679105,19.452342323274035,27.265917832117335,36.61482393302247,47.1105020433728,58.0824661358268,68.62634675641867,77.71760424366144,84.37437074625319,87.83437525023724,87.70160454768168,84.02317805726345,77.27537811561113,68.2636850745299,57.96561001165175,47.35859906334537,37.27436359319946,28.307634062837714,20.787940339216206,14.805148032509228,10.268600917910856,6.97750699896464,4.684834247198748,3.14481187903693,2.1416511520315646,1.5021829347263331,1.0972858362224853,0.8369345232052084,0.6625277807215366,0.538780208186205,0.4463781601707647,0.3759254717769769,0.323342274125528,0.28668891342210967,0.26426679908934836,0.25376486367121587,0.2521639361913773,0.25610073315848747,0.2624191401561952,0.2687000872986581,0.27363991283802874,0.2772452666513729,0.2808879292953463,0.2873344388323714,0.30089287790990965,0.327827537714089,0.3771547695667396,0.4618535170868021,0.600379851964699,0.818150281000629,1.1483788650482096,1.6314062855790523,2.3116189497984254,3.231417357837726,4.422568839801893,5.896540761720244,7.636619152208495,9.595105336826583,11.698040297056533,13.857586226270135,15.989010954779586,18.02650171109197,19.931313852350456,21.68796605481544,23.28894463274833,24.71385565368285,25.912577361589697,26.801614797635708,27.278129212644174,27.248731027625826,26.663292091752602,25.54093090614424,23.977522699717884,22.130736627736056,20.186850962459893,18.319982004806192,16.656435162554658,15.254221949552807,14.10193894101426,13.134764665626204,12.260672349785064,11.388319029798005,10.449326606234372,9.41071877986647,8.276729312843838,7.081953534825725,5.8793415439339585,4.726817240515137,3.6756627283177483,2.7626502842414116,2.0066220624895923,1.4091094198106173,0.9578402794434332,0.631677095063364,0.4056322420521248,0.25498437557623255,0.15801578389330917,0.0973395787993184,0.06009202289458995,0.03739733320642279,0.02350058605504319,0.014862679322607871,0.009392748380509883,0.005879161714520137,0.0036134770766403364,0.0021651349002570755,0.0012577692124289995,0.0007056019698130859,0.0003811918403747954,0.0001979883869671408,0.00009873048641003329,0.00004722714704895358,0.000021656815806353445,0.000009512964917919967,0.000004010493169775842,0.0000016196197709924715,6.264980500850949e-7,2.321439239887206e-7,0,0,0,0,0,0,0],[0,0,0,0,0,0,0,0,0,0,0,0,0,0,0,0,0,0,0,0,0,0,0,0,0,0,0,0,0,0,0,0,0,0,0,0,0,0,0,0,0,0,0,0,0,0,0,0,0,0,0,0,0,0,0,0,0,0,0,0,0,0,0,0,0,0,0,0,0,0,0,0,0,0,0,0,0,0,0,0,0,0,2.0756119074129767e-13,7.148116866004883e-13,2.355740646245517e-12,7.429398381462988e-12,2.242178369981781e-11,6.475555215420771e-11,1.7896751314958195e-10,4.733274987558998e-10,1.1979525312285087e-9,2.901401445675485e-9,6.724598773602438e-9,1.4914725727473618e-8,3.165588838781984e-8,6.429601861293515e-8,1.2496948969526512e-7,2.324418119014463e-7,4.137279375478018e-7,7.047024552968973e-7,0.0000011486482663533674,0.0000017916727093116075,0.0000026743647300801483,0.000003820084186450016,0.000005221743948934008,0.000006830437954586374,0.000008550113297903009,0.000010242017861674841,0.000011740579360937607,0.00001287905116381665,0.000013519746510111975,0.000014007398977129329,0.000014865926253631647,0.000018221326446755,0.000030384377730450792,0.00006941135622413042,0.0001841022803074477,0.0005008826044583934,0.0013320393076400564,0.0034116622014101344,0.008380612668246154,0.019721934920670675,0.0444486102870442,0.09593445395303152,0.19829026981162678,0.3925060894390354,0.7440837733008516,1.350956431896606,2.3491968649109602,3.9126553216303708,6.241871001303351,9.538227257216601,13.962113111022731,19.578938336761453,26.303248171248644,33.85670544387396,41.757499982502935,49.35450371374573,55.90888359833465,60.7114136022538,63.210311179891804,63.117585937023875,60.46522745181413,55.59578797929807,49.09061330701189,41.65635937176784,34.000328828767906,26.72465521690212,20.259802087125717,14.843816708635465,10.540758924257165,7.28372157009853,4.9261430272307924,3.28841049773461,2.1924434555555092,1.4824663038479426,1.0339502700876315,0.7543465323599295,0.5792207760118819,0.46652743459824114,0.3907142700398986,0.3375093237892455,0.2997158151570752,0.2740659253830682,0.2590564731732829,0.2536266675808708,0.2565053531872082,0.2660363974173161,0.2802969443727556,0.2973471085288464,0.31549504274838314,0.3335137132317171,0.3508089768069908,0.36758067921750615,0.38505338462488603,0.4058490063874797,0.4345597057355013,0.4785401789593635,0.5488881693108166,0.6615054016770356,0.8380105722501004,1.1061154542238403,1.4989241577674939,2.0525947690928863,2.8020524484160507,3.775055660853844,4.9857946478303035,6.430013405383029,8.08388525095873,9.908088141865333,11.85665347136992,13.887748667703212,15.97170901463761,18.091585414619303,20.23388072433768,22.37151110906942,24.445623388257495,26.355401330140392,27.963628687753204,29.12040541774477,29.699908432380802,29.638661468623113,28.96150024620255,27.784667332156985,26.293158592352686,24.69846802862152,23.18957728029487,21.89187164220227,20.845273019185804,20.00602017059466,19.269067113739204,18.502645147402802,17.58454372132703,16.43101937583363,15.012771646016052,13.356604726425557,11.534960767563446,9.647759233570131,7.801741121557259,6.0920001868483595,4.588980053020567,3.332395384904093,2.331764044476397,1.5719046947117685,1.0210902221116402,0.6395831936571621,0.3868370653149805,0.2264572217512709,0.1287875190195338,0.07153312990838756,0.039081007283971556,0.021179619894077725,0.011483133588798683,0.006269294507823985,0.003454832486880821,0.0019166033239945064,0.0010631329799060077,0.0005844807850650159,0.0003157150748516312,0.00016627470447406833,0.00008495153292221103,0.00004191045928412284,0.00001990310979390872,0.000009077219646597524,0.000003963672129362369,0.000001671012154380401,6.748308021565558e-7,2.61036688524352e-7,9.672509143617263e-8,0,0,0,0,0,0,0],[0,0,0,0,0,0,0,0,0,0,0,0,0,0,0,0,0,0,0,0,0,0,0,0,0,0,0,0,0,0,0,0,0,0,0,0,0,0,0,0,0,0,0,0,0,0,0,0,0,0,0,0,0,0,0,0,0,0,0,0,0,0,0,0,0,0,0,0,0,0,0,0,0,0,0,0,0,0,0,0,0,0,6.264157451685272e-13,2.1572881409950676e-12,7.1095806835147844e-12,2.242178369981781e-11,6.766851883132028e-11,1.9543103077991066e-10,5.401205673862337e-10,1.4284934326257875e-9,3.6153980657267424e-9,8.756374648530282e-9,2.0294711822962244e-8,4.501235995607849e-8,9.55368720067878e-8,1.9404416724989212e-7,3.771555546159919e-7,7.015049889169626e-7,0.0000012486230849343359,0.0000021267786722571743,0.0000034665987275101736,0.000005407234325902518,0.000008071182137963421,0.000011528941772376635,0.000015759124406487217,0.000020614132467964704,0.00002580408010598091,0.000030910216056945454,0.000035432846298605545,0.000038868732651959,0.00004080233908070506,0.00004127702067727795,0.000040639071802261065,0.00004049371334074731,0.000045458243870922734,0.00006827287424302639,0.00014274478742217872,0.000355817300621455,0.0009217455256969463,0.0023439595908589144,0.0057479851601774075,0.013523991666455954,0.030486880351351345,0.06582353762144409,0.1361061566283489,0.269525040875302,0.5111552786108114,0.9284364776962186,1.6151437142293732,2.6911925776770538,4.295060327975265,6.566025097161217,9.615339211429722,13.488954895415613,18.128844020616437,23.343790389141844,28.801810739670255,34.05347489477167,38.58809656990886,41.9147617383644,43.65084312158991,43.595846370764406,41.77066428863869,38.41141760041068,33.92000233583689,28.78555350251339,23.497973758778695,18.47440518246676,14.0129399097543,10.278132571503326,7.313799676377809,5.072974935251657,3.4536510347152296,2.3312139110042707,1.58244762264117,1.0998611371877813,0.7977456318642225,0.6125307653855047,0.4999953385526211,0.4312590135005033,0.38872554208189963,0.36254341193580986,0.3477751133570677,0.3422794383394877,0.3452344677479222,0.35619938492768155,0.37460231321394066,0.39953524007229,0.4297443777619673,0.4637215831825463,0.49983563757518457,0.5364814873534928,0.5722713192830928,0.6063144690968858,0.638639112244024,0.6707701412346141,0.7064314900284456,0.75228986082475,0.8186332177093777,0.9198766071936813,1.0747860971950665,1.3062811305599078,1.6406165610174703,2.1057235155755216,2.7285989950091305,3.531968056599427,4.530950691656285,5.730930602762082,7.127883480120433,8.711757707878721,10.472091246956856,12.403352438416025,14.506401567016232,16.7829345896035,19.222228565045068,21.783403407203,24.380155135321008,26.87645453085818,29.09956676815693,30.87100142851636,32.04858121564299,32.56686275910567,32.46158087757726,31.867838209447594,30.99019046076407,30.052350346424088,29.24117610410653,28.66131477059767,28.312974120862776,28.09764650896864,27.848232181202675,27.373736952768503,26.506134628353944,25.138137644301672,23.24441397581799,20.88368133074285,18.183710499459455,15.314636823798068,12.45764755238643,9.776018104890635,7.393875120344527,5.385509002799799,3.7752655819851175,2.54574189885029,1.6507094322947171,1.0290490435933737,0.6167804770014433,0.3555598339064143,0.19730500249047864,0.10554713359623058,0.0545606150095387,0.027354739972622482,0.013372023962054698,0.006418534630184709,0.0030509942882634635,0.0014488899721147913,0.0006922720086141757,0.00033380726918330324,0.00016212084484543043,0.00007873674948445714,0.00003797824926629778,0.000018003038048895,0.000008313609840459674,0.000003709341260842544,0.0000015804104441989108,6.662723290361913e-7,2.69071107041065e-7,1.0408154241792669e-7,3.856659676500858e-8,0,0,0,0,0,0,0],[0,0,0,0,0,0,0,0,0,0,0,0,0,0,0,0,0,0,0,0,0,0,0,0,0,0,0,0,0,0,0,0,0,0,0,0,0,0,0,0,0,0,0,0,0,0,0,0,0,0,0,0,0,0,0,0,0,0,0,0,0,0,0,0,0,0,0,0,0,0,0,0,0,0,0,0,0,0,0,0,0,0,1.8091289256709406e-12,6.2303867790410215e-12,2.0532925877330338e-11,6.475555215420771e-11,1.9543103077991066e-10,5.644173753367355e-10,1.5599029068871021e-9,4.125580828749782e-9,1.044150194015532e-8,2.5288972671665658e-8,5.861243188770639e-8,1.2999858805807304e-7,2.7591662557763977e-7,5.604120243418628e-7,0.000001089249477836307,0.0000020259914868690338,0.00000360610370610572,0.000006142273472780228,0.000010011759889505169,0.0000156164402033657,0.00002331009267051531,0.00003329632469115434,0.00004551336397100424,0.00005953493923651963,0.00007452384152237597,0.00008927069027026825,0.00010233233703347346,0.0001122553976128296,0.00011783977723305559,0.00011856475168714762,0.00011460806901856849,0.00010747169149504139,0.00010105009183701576,0.00010481102443962763,0.00014210068189982394,0.00027105186849916914,0.000633264892508396,0.0015603119641484464,0.0037930250229349658,0.008904987296941913,0.020067531046095204,0.04333460796649763,0.08963319090229473,0.1775630440399841,0.33687642725384037,0.612119214930453,1.065277043820336,1.775681668856882,2.835043795973646,4.335751662276468,6.3518336490130105,8.914296373370213,11.98548021046654,15.439626499661458,19.057717238113753,22.542759400417292,25.556866173876287,27.77485772252576,28.942909283393767,28.927558848813167,27.74183476882879,25.541283488323224,22.591267122025027,19.2149435471269,15.73597175635756,12.429818852126267,9.493169068745765,7.034451680644258,5.08245467524773,3.606253982532469,2.5388807689472395,1.7986933153689728,1.3050936333312202,0.9878228696886447,0.7908316448941743,0.6724661629733761,0.6036655352583893,0.5654156333893661,0.5461865553848891,0.5396831084154168,0.543007113723204,0.5552292782828993,0.5763357572969993,0.6065038398380383,0.6456541511250584,0.6932170699156389,0.7480497478865176,0.8084484310038704,0.8722269857153995,0.9368687806494792,0.9998001279207448,1.0588461711180153,1.1129078075266847,1.1628156759992023,1.2122222070582647,1.26831594312275,1.3421452210432292,1.4484308100254057,1.6048926727875383,1.8312399743680616,2.1480105619127934,2.575401674729753,3.1321695281503232,3.8347047065202693,4.696536725027385,5.728689395197649,6.941268757427788,8.346189665849709,9.960020043951085,11.804881066545482,13.904861506873253,16.276192584850726,18.911764597984416,21.763900375945777,24.73222935848789,27.664271982611407,30.373733253054034,32.67570875603896,34.430909040638255,35.58558446587222,36.19282888609928,36.40546469402826,36.43950339845646,36.51702139451023,36.80441847948225,37.3637813731562,38.13100858413198,38.92623793858491,39.4929748843484,39.55507482484043,38.87718201046073,37.314708126794905,34.84313210815433,31.5619395194041,27.674443934402515,23.449781223869728,19.176570652879175,15.118522344153272,11.480604820609138,8.390855435495796,5.898614402185822,3.9861486947238074,2.588288867338954,1.6142205222108723,0.9666775856299937,0.5557730120734246,0.30676313786936493,0.16258461491064627,0.08278103158213279,0.040527103114581596,0.019106198658273052,0.00869460893457886,0.0038329574181594486,0.0016454139798230104,0.0006926158724933594,0.00028831075847864877,0.00011976467635520792,0.00004993788418984215,0.00002105976870320297,0.00000893699927244788,0.0000037781619045637927,0.000001559890246207256,6.030209486259524e-7,2.5422267574439105e-7,1.0266669320701979e-7,3.971332300016824e-8,1.4715459425034688e-8,0,0,0,0,0,0,0],[0,0,0,0,0,0,0,0,0,0,0,0,0,0,0,0,0,0,0,0,0,0,0,0,0,0,0,0,0,0,0,0,0,0,0,0,0,0,0,0,0,0,0,0,0,0,0,0,0,0,0,0,0,0,0,0,0,0,0,0,0,0,0,0,0,0,0,0,0,0,0,0,0,0,0,0,0,0,0,0,0,0,4.9999620731095236e-12,1.7219169487577914e-11,5.674766965463503e-11,1.7896751314958195e-10,5.401205673862337e-10,1.5599029068871021e-9,4.31116614272045e-9,1.1402032978742165e-8,2.885759712659163e-8,6.989214667458608e-8,1.6198952561800297e-7,3.5928230466332846e-7,7.625618294267843e-7,0.000001548833157915841,0.000003010402409721037,0.00000559931381951181,0.000009966333248218479,0.00001697564721385333,0.000027669901808705892,0.000043159781276976997,0.00006442303675511659,0.00009202238617016656,0.00012578710695825758,0.00016453909612720307,0.00020596452572671641,0.00024672098226836275,0.00028281997858735516,0.0003102447385599197,0.00032567851218808733,0.00032728029353083137,0.0003150164066944191,0.00029107813673777107,0.0002603002402160105,0.0002316845491540975,0.00022307420019303175,0.00027383958551256167,0.0004752636232357638,0.0010376579634376875,0.0024289531313115248,0.005642534133964593,0.012681188269051005,0.027370227200463865,0.056617452573998236,0.11219822310038172,0.21294077101831654,0.3870635080299783,0.6738613841425611,1.1236719599224363,1.7947609802194564,2.7459437849024932,4.0245532961461965,5.650829267161583,7.601661901605466,9.798244962071104,12.102748751326057,14.327930624959663,16.260545562375047,17.69521234799501,18.471459538281167,18.504639407971197,17.80233055733319,16.46169031799459,14.648685720453077,12.565233760110482,10.413188576218014,8.363949100672176,6.539617441944554,5.00747872665936,3.7857354255650426,2.8561126670020722,2.178531212725428,1.7041195074421256,1.3845937722324728,1.1776850714265001,1.0493581983507003,0.9739541365777887,0.9332743426567189,0.9152855305806847,0.9127868867678741,0.9221619748455611,0.9422445720591247,0.9733143424619339,1.0162488306887536,1.0718585287944822,1.1404165725733648,1.2213694050846637,1.3131973354468591,1.413391261438232,1.518535216882298,1.6245257556518178,1.727005725406857,1.822097434767381,1.9074650161424334,1.9835921942446688,2.054993308888875,2.1309551367248467,2.2254388123199824,2.3559861711406445,2.5418149872563336,2.8016091864941304,3.151658355533111,3.6049102358262086,4.171208726257269,4.858664785585289,5.675877906670505,6.63463677506506,7.752669626979444,9.055813828911647,10.57856860788962,12.361562664262525,14.444459665241547,16.853736449097823,19.586786362096884,22.596462190566623,25.782325666452863,28.995064304744105,32.05777862779385,34.802351711217746,37.11259615167469,38.96103275956377,40.42551695680731,41.676546116133714,42.934811424611716,44.408384158619455,46.22621312367161,48.38667787750797,50.736149382984735,52.984348796036016,54.753564393720794,55.650385940599676,55.343582580873324,53.63090080313407,50.48064193020837,46.039926551372325,40.60915455621987,34.58963606379679,28.416954688627275,22.494931964128327,17.143529304368553,12.569239478190257,8.860093870920085,6.001389578687285,3.904318059972561,2.4386162726676877,1.4618387380298328,0.8408017139868617,0.4639117086052959,0.24550899048633243,0.12461580035564346,0.060672520306290584,0.028342592751147335,0.012709964735180924,0.005476479080185295,0.002270699571720288,0.0009080828994828334,0.00035147549412679755,0.00013234501355750033,0.00004870376749162028,0.000017752138549097673,0.000006431159475100663,0.0000023102999945106845,7.917579925427204e-7,2.201837420845227e-7,9.28254651777632e-8,3.7487149906274876e-8,1.4500703646719092e-8,5.373121663650357e-9,0,0,0,0,0,0,0],[0,0,0,0,0,0,0,0,0,0,0,0,0,0,0,0,0,0,0,0,0,0,0,0,0,0,0,0,0,0,0,0,0,0,0,0,0,0,0,0,0,0,0,0,0,0,0,0,0,0,0,0,0,0,0,0,0,0,0,0,0,0,0,0,0,0,0,0,0,0,0,0,0,0,0,0,0,0,0,0,0,0,1.3223738209745567e-11,4.554070334204772e-11,1.5008440395215667e-10,4.733274987558998e-10,1.4284934326257875e-9,4.125580828749782e-9,1.1402032978742165e-8,3.01557285765579e-8,7.632164088137476e-8,1.848484922540798e-7,4.2842466566174936e-7,9.502182358169895e-7,0.000002016798898399105,0.000004096303914184567,0.000007961815067805369,0.000014808884351674106,0.000026358636297327637,0.00004489664349741557,0.00007318046266301821,0.00011414759561199804,0.0001703839669721096,0.00024337783494298018,0.00033267767800142944,0.0004351676874023096,0.0005447283257112202,0.0006525196856821612,0.000747993145275838,0.0008205252647278497,0.0008613440107629452,0.0008653403501762451,0.0008321041349061053,0.0007662548619727511,0.0006770072255671773,0.00057782515542551,0.00048776035007796174,0.0004377944946081015,0.0004883366189018911,0.0007695161399567051,0.0015653087891581367,0.003476334561337753,0.007713823698952491,0.01659328707014002,0.03429877301420147,0.06798504583299828,0.12907499962018668,0.23470908435557403,0.40878396426305647,0.6819517822013944,1.0897640937135584,1.6682387793934748,2.4466129118147766,3.437930760659853,4.629240775388317,5.974154236804697,7.390846896177004,8.76785073381803,9.97812109039798,10.899313838873283,11.435843891366062,11.537107288970537,11.206878824617961,10.501286954244978,9.516109152874417,8.367186448429083,7.169409993094054,6.019479300065186,4.985763602636622,4.106002922145934,3.391297943714595,2.8335804573028023,2.413707992037823,2.108166588654798,1.893533446715873,1.7488333081410574,1.6564444317482419,1.6022674894464408,1.575640253814626,1.5691823470243729,1.5785483509753557,1.6020067799966171,1.6398112487559786,1.6934161982549876,1.7646494393354557,1.854961321774379,1.9648369491513713,2.0934058723755977,2.2382426744156394,2.3953355610330993,2.559223723284588,2.723357594510449,2.880796940628553,3.025367167837906,3.1532972983565513,3.2651345194797803,3.3674558096313723,3.4737098774550565,3.603588361628186,3.7807056504107375,4.0289710515586705,4.3686225229005275,4.813178925454782,5.368402920367171,6.033773727494125,6.806205640281799,7.685094722283419,8.677448601371536,9.80185934312273,11.090258036274276,12.58657733478846,14.341612376760393,16.403719199706103,18.80583555433027,21.550808491925526,24.598875026779048,27.862533065107005,31.213845934053367,34.5066361583823,37.611187787452145,40.45339211561317,43.04605432695964,45.49959408381428,48.00368307479788,50.77959727491223,54.0125903876572,57.78105951644974,62.001992160601155,66.40919327311441,70.57307290109303,73.96065564123025,76.02467668693409,76.3034678498267,74.51033152366608,70.59290045352728,64.74933856418524,57.3979132996176,49.10723500456273,40.50346880468464,32.17546377234742,24.597637277110664,18.08412226602018,12.77842425458042,8.673774566905827,5.653210920606871,3.5364722702406226,2.122700332429812,1.2221574688106087,0.674810899024642,0.3572472077681344,0.18131006118379825,0.08820597737579403,0.04113192183398209,0.018385714613245743,0.00787887752712968,0.003237924143909303,0.0012767969805131277,0.0004835028682958865,0.00017610949362558824,0.00006170142840969727,0.000020962553502755457,0.0000068944782945002814,0.0000021758342647999224,6.036058731105476e-7,7.693579354222537e-8,3.2434732722618306e-8,1.3098622079774108e-8,5.066782549061748e-9,1.877456414711919e-9,6.660480494034885e-10,0,0,0,0,0,0],[0,0,0,0,0,0,0,0,0,0,0,0,0,0,0,0,0,0,0,0,0,0,0,0,0,0,0,0,0,0,0,0,0,0,0,0,0,0,0,0,0,0,0,0,0,0,0,0,0,0,0,0,0,0,0,0,0,0,0,0,0,0,0,0,0,0,0,0,0,0,0,0,0,0,0,0,0,0,0,0,0,0,3.3468181549362076e-11,1.152597323965481e-10,3.7985114341545687e-10,1.1979525312285087e-9,3.6153980657267424e-9,1.044150194015532e-8,2.885759712659163e-8,7.632164088137476e-8,1.9316372516211462e-7,4.6783615947009733e-7,0.0000010843071953757325,0.0000024049233222418132,0.00000510435026840062,0.000010367404504443007,0.00002015069172765196,0.00003748005459304003,0.00006671151613863771,0.00011362967049824835,0.00018521366435303265,0.00028889807048282406,0.0004312276490410613,0.0006159690577479314,0.0008419795331827146,0.001101373222562961,0.0013786620856231998,0.0016514730523664322,0.0018931084377729588,0.002076681199383652,0.0021799900505762118,0.002189966901487447,0.0021053855314937097,0.0019372605869066232,0.001706849246410481,0.0014422488446810525,0.0011754083109946582,0.000942435996446208,0.0007914959782995071,0.0008053354075110692,0.0011505858548825003,0.002173592042174168,0.004572720336238966,0.009686578974182437,0.01993875975398453,0.03950139282330773,0.07502875143743475,0.13649826437321527,0.2378686861067461,0.3970920044653812,0.6350830698482125,0.9732163848574457,1.4292185046455652,2.011835143234204,2.7152956192952504,3.5151477441529675,4.367201633928989,5.210867339290693,5.977074314145936,6.599493074058468,7.02646618776659,7.230471679541342,7.212439504010821,6.999738796078995,6.638621066136588,6.183578038338455,5.686805665870709,5.190522716669539,4.723549193500638,4.301932146608574,3.932178400888082,3.615214628227537,3.349551537804827,3.132953513768601,2.9627626564200233,2.8355466707869437,2.746808160102495,2.691205858363086,2.6633201987496964,2.6586652715482484,2.674533625706443,2.7103564960877344,2.767474856688888,2.8484276468047347,2.955986647653671,3.0921809397731597,3.257491435916323,3.450304367150829,3.666639202057976,3.9001328962705095,4.1422882649246064,4.383065332238517,4.611977166794777,4.819856962827911,5.001312554641916,5.157541406631113,5.298758571591151,5.445207234747481,5.625828738920011,5.874271297940683,6.2228778375851475,6.696233097029976,7.306320116368899,8.0510647645369,8.917053056531667,9.885882460820245,10.942444375925653,12.082861046919245,13.319944459805305,14.684726190139834,16.223496271185606,17.99058213996063,20.037731804643286,22.401582298045653,25.091482613098734,28.08086179238114,31.305949674809984,34.67522527510227,38.09082956788967,41.4793142116677,44.824471241673514,48.19142021854529,51.730585398393146,55.65381054044534,60.1821894100455,65.47417886651148,71.55026639493525,78.23421813383415,85.12932383947624,91.64130574489154,97.04926002984293,100.61453731781047,101.70745839205442,99.92566888520643,95.17768139984457,87.71155183641811,78.08078001113653,67.05453224408986,55.49286424733952,44.215513798600625,33.89251911104236,24.976772080193967,17.68577787498232,12.026903566075623,7.851291975880357,4.9184391855958625,2.9558039697122127,1.7036036820896436,0.9414676600314148,0.4987700027655372,0.25326829954198155,0.12325019732342903,0.05747430585836299,0.02568062616892666,0.010994221817204546,0.004509803393141924,0.0017726186196593261,0.0006677091938609382,0.0002411400382203627,0.0000833760829074019,0.000027739038547057405,0.000008833164697862797,0.000002654084374512844,6.624284307808164e-7,2.5725389983497567e-8,1.084535701632705e-8,4.379849036894634e-9,1.6942043622992645e-9,6.277740986576714e-10,2.2270967815843045e-10,0,0,0,0,0,0],[0,0,0,0,0,0,0,0,0,0,0,0,0,0,0,0,0,0,0,0,0,0,0,0,0,0,0,0,0,0,0,0,0,0,0,0,0,0,0,0,0,0,0,0,0,0,0,0,0,0,0,0,0,0,0,0,0,0,0,0,0,0,0,0,0,0,0,0,0,0,0,0,0,0,0,0,0,0,0,0,0,0,8.105882979509126e-11,2.7915526323950235e-10,9.19986917609238e-10,2.901401445675485e-9,8.756374648530282e-9,2.5288972671665658e-8,6.989214667458608e-8,1.848484922540798e-7,4.6783615947009733e-7,0.0000011330837191301923,0.0000026261561975191607,0.000005824644818551812,0.000012362567682698014,0.000025109511130834573,0.00004880430950800241,0.00009077545373916042,0.00016157308768266078,0.00027520730718533204,0.0004485813748910916,0.0006997015804058127,0.0010444191165570737,0.0014918567038783037,0.0020392466071258164,0.0026674895514394448,0.0033390740150806247,0.003999813161808938,0.004585046080700886,0.005029653243371772,0.005279863867238298,0.005303951835865323,0.005098841642897844,0.004690836683799733,0.004130277011304741,0.0034818997177402445,0.0028140642903486126,0.0021907635108373248,0.0016705531714114705,0.0013170154169541098,0.0012272843945850412,0.001588472064054248,0.0027773063559003415,0.005523819611256745,0.011160309566335253,0.022015022216991725,0.041844577495189675,0.07619373401175611,0.1329277064549174,0.2222296679697509,0.3561046907948898,0.547110818011752,0.8062585835229591,1.1402962205552998,1.5489358159341777,2.0228457031551876,2.543277192692168,3.08389170655935,3.614719454451377,4.107395683146307,4.540204073138621,4.901326798819373,5.189210427676364,5.409974108384422,5.572915018560529,5.685906749996322,5.752488271730473,5.77168030353316,5.740380282724269,5.6571098061997835,5.525391614723257,5.355297265361367,5.162563740146264,4.965705021717122,4.7822958422061195,4.625801774067277,4.503966025616125,4.419064067949641,4.369630894908307,4.35282421336504,4.366532547239443,4.4106094525472965,4.487036081399153,4.599192190867943,4.750623965544055,4.943715831947899,5.178568447230591,5.452238241621695,5.7583780248524254,6.0872631142673645,6.426216622002067,6.760540304859348,7.075167480234213,7.3572598467912895,7.599752165715609,7.805358211827761,7.989940157696474,8.18373295948731,8.429073684689357,8.774177015516695,9.263927441816286,9.930063106556593,10.783834007449299,11.813803778965319,12.98994938188456,14.273173198591815,15.627543883049498,17.031726091069263,18.486408610969857,20.01585934838522,21.663465604498253,23.482616384210253,25.525174969523935,27.830054889204106,30.414318824327,33.269060504952755,36.36213491095158,39.64923324212466,43.093330299258035,46.689894880454275,50.49186701671154,54.62549578229105,59.28733245742115,64.71525097664224,71.13244085143812,78.6715719991407,87.29436465599527,96.72697632782531,106.4319569245249,115.63226161641245,123.39255054898985,128.74962687731792,130.8703065674298,129.20490852933918,123.60144802523855,114.35173430924124,102.1555087385772,88.00888739631498,73.04263029281256,58.34782222302557,44.82743895355824,33.1021067724255,23.481281321751403,15.99332093335261,10.455180633241874,6.5576854390378,3.9451823356797364,2.275990830004633,1.2588264692658382,0.667377453992647,0.33909182153614204,0.16509860144825614,0.07701919308499912,0.03442240484683411,0.014737850661332746,0.006044434854070496,0.0023745858917970193,0.0008935156597596055,0.0003220858262381027,0.00011104136441554868,0.00003675307833056592,0.000011605920001533722,0.0000034455991892524264,8.331609516188271e-7,8.231629920297934e-9,3.4703056151599455e-9,1.4014674374855973e-9,5.421128048495295e-10,2.0087563519983495e-10,7.126281278708964e-11,0,0,0,0,0,0],[0,0,0,0,0,0,0,0,0,0,0,0,0,0,0,0,0,0,0,0,0,0,0,0,0,0,0,0,0,0,0,0,0,0,0,0,0,0,0,0,0,0,0,0,0,0,0,0,0,0,0,0,0,0,0,0,0,0,0,0,0,0,0,0,0,0,0,0,0,0,0,0,0,0,0,0,0,0,0,0,0,0,1.87870626535379e-10,6.470001397507212e-10,2.132260224487838e-9,6.724598773602438e-9,2.0294711822962244e-8,5.861243188770639e-8,1.6198952561800297e-7,4.2842466566174936e-7,0.0000010843071953757325,0.0000026261561975191607,0.000006086660903629,0.000013499820737279616,0.000028652811075680867,0.00005819649259768463,0.00011311409538076415,0.0002103909149826189,0.00037447909488616635,0.0006378499339149666,0.0010396802441625672,0.001621703331160075,0.0024206576173024063,0.003457686896876454,0.004726376370215981,0.006182459512089576,0.00773899560167592,0.009270395423090824,0.010626793923035796,0.011657263107259798,0.012237178050399767,0.01229296701598784,0.01181744507396002,0.010871377955071738,0.009570831233342125,0.008064085738103157,0.0065047847369029636,0.0050287720162615224,0.00374086728050672,0.0027156726698725105,0.0020152942992050496,0.001726615717431249,0.0020231729166836315,0.00326011626243563,0.006110787560262973,0.011784797872267262,0.02243504771792792,0.04093741469164051,0.07162202502385194,0.12019888210733498,0.19361783475717967,0.2995959657226043,0.4458067851546835,0.6388585298527292,0.8833343762972689,1.1812493823401882,1.532218719295731,1.9343883787658063,2.3858021815735735,2.885516213382256,3.4336359716181493,4.029706408091827,4.669539757804144,5.341407451376048,6.023172918971728,6.68201799288209,7.277747815298542,7.769412518515451,8.12364000116305,8.322217229586162,8.36650231105629,8.277220663481428,8.089724710974238,7.8462632595827735,7.587654947870052,7.346712852064455,7.144927047864286,6.992676503556741,6.892111819249442,6.841207946172629,6.837474056559674,6.880296858176167,6.971590160152507,7.115026874488756,7.314452143448575,7.572099506341301,7.8870675144057145,8.254294232417855,8.664098461190635,9.102276555674761,9.550776656485695,9.98908806085191,10.396623132697599,10.756372600967728,11.059816095191854,11.312400066554735,11.538049692556763,11.780611017880009,12.10033935971358,12.564801078083436,13.235572111554255,14.15410627825868,15.331155098554484,16.743530283447008,18.33983441929072,20.053853790872658,21.821727032618902,23.597805708768796,25.364728356039407,27.135319339891453,28.946649502884686,30.84890773818851,32.89290082699255,35.11983641564205,37.555937215763684,40.21307019452885,43.0955149666481,46.212342811717846,49.594223490785986,53.312246674960384,57.49432319739766,62.33247724934761,68.073129770686,74.9837450493429,83.2937559241991,93.11505632456036,104.3557932327604,116.64812055736257,129.3133486185539,141.38460734327464,151.6971411432736,159.04089987193785,162.35243597246705,160.90823099972656,154.47491532686027,143.37733648170268,128.4633322324911,110.96995747642202,92.32172177518241,73.90839846066424,56.89245104557697,42.083855474965205,29.898304896304797,20.391645868908892,13.346458455677132,8.380030352946802,5.046255967209959,2.9136198359760015,1.6126754043972287,0.8555287007093243,0.4349400390514741,0.2118723069418266,0.0988825789754836,0.04421027788845551,0.018934170748592726,0.007767145377850135,0.0030516901731104666,0.0011482508555046812,0.000413804898771345,0.00014260923519499844,0.00004714915920249672,0.000014859508939581,0.000004404862740709496,0.0000010571727774808094,2.52057745437192e-9,1.0626296587730771e-9,4.291382460297409e-10,1.659983899738531e-10,6.150939754578038e-11,2.1821126676667422e-11,0,0,0,0,0,0],[0,0,0,0,0,0,0,0,0,0,0,0,0,0,0,0,0,0,0,0,0,0,0,0,0,0,0,0,0,0,0,0,0,0,0,0,0,0,0,0,0,0,0,0,0,0,0,0,0,0,0,0,0,0,0,0,0,0,0,0,0,0,0,0,0,0,0,0,0,0,0,0,0,0,0,0,0,0,0,0,0,0,4.166849147971878e-10,1.4350045192138047e-9,4.7292154518834925e-9,1.4914725727473618e-8,4.501235995607849e-8,1.2999858805807304e-7,3.5928230466332846e-7,9.502182358169895e-7,0.0000024049233222418132,0.000005824644818551812,0.000013499820737279616,0.000029941730420701746,0.00006355008423587527,0.00012907606157897648,0.0002508797573377916,0.0004666334599524295,0.0008305704442657271,0.001414709953696238,0.0023059436269757512,0.0035968332401526137,0.005368862241106497,0.007668926199854872,0.010482797505079983,0.0137122958630629,0.017164592370659294,0.020561138259042298,0.02356954252001484,0.025855056611003697,0.027141270497272777,0.02726498664379749,0.02621024008347314,0.024111704878028745,0.02122649734387332,0.017882597963122266,0.014418335271827492,0.011128646115391638,0.008230265894278823,0.0058515966816507,0.004047308543300566,0.002833373055884193,0.0022383084050741956,0.0023691894841277425,0.0034914297665859725,0.006120024111400894,0.011635493985836352,0.021354291970790383,0.03765582456268801,0.06387676516621425,0.10439907677214429,0.16472765581697232,0.2515618116307523,0.3729440399834157,0.5385887523235323,0.7604375286559109,1.0533257938447778,1.4353924448330402,1.927611223355949,2.5517265804263625,3.32611102949775,4.25969962834202,5.345090256313092,6.552793778633541,7.829024043051836,9.098956157748807,10.275995824853718,11.275655411151396,12.030839211633609,12.504465333517873,12.695857148070901,12.639122236468737,12.394171720448856,12.033201550762984,11.6265804065216,11.231830240477287,10.88796568179154,10.61551009082358,10.420782781932322,10.302107267363706,10.25560966161333,10.279042032574086,10.373124585253176,10.540801675818804,10.785277393697694,11.107721712632799,11.505294193666558,11.969820351425714,12.487226344240023,13.037732166626295,13.596840893210723,14.137298518946642,14.63236486713509,15.060732244547221,15.413036278907576,15.699029356970202,15.953372086461606,16.237241428409007,16.63324484469266,17.23280463428499,18.117889597462884,19.341659213287652,20.913957614169014,22.79679687659653,24.912031494604808,27.159432707400093,29.439859013756383,31.67660889411368,33.828934189673696,35.89466656172591,37.902775268020164,39.89991867025935,41.93654819485583,44.05750997932479,46.29989311164167,48.69821777552087,51.29507893350549,54.15463058096901,57.3765179643236,61.10812754007942,65.55242865563238,70.96707365338065,77.64870281343599,85.89620245926886,95.94950475223064,107.90690657798218,121.63277123870922,136.6763540623016,152.22801405108348,167.13804242283032,180.01382366691587,189.39351491583847,193.97241846196485,192.83810362740115,185.6596398071287,172.78083704318075,155.18820340205926,134.35622625282699,112.00537216178618,89.83059576810187,69.26253852227458,51.309311132301296,36.50011904012798,24.923207332911897,16.329209173952936,10.262236605145073,6.184701556949491,3.5735218616404754,1.979203261715216,1.0505768864527514,0.5343748475358349,0.2604297673049725,0.12159476962801995,0.05438481100881667,0.023299223907768615,0.009560463789418982,0.003757167335877981,0.001413956351622601,0.0005096187999739416,0.00017566371234032358,0.00005806956927904718,0.00001829376804734386,0.00000542829905134362,0.000001301161538252358,7.385919976883596e-10,3.1137696685923705e-10,1.257481986398882e-10,4.864166433417125e-11,1.8023786069793804e-11,6.394133818810335e-12,0,0,0,0,0,0],[0,0,0,0,0,0,0,0,0,0,0,0,0,0,0,0,0,0,0,0,0,0,0,0,0,0,0,0,0,0,0,0,0,0,0,0,0,0,0,0,0,0,0,0,0,0,0,0,0,0,0,0,0,0,0,0,0,0,0,0,0,0,0,0,0,0,0,0,0,0,0,0,0,0,0,0,0,0,0,0,0,0,8.843964948956801e-10,3.045737731038001e-9,1.0037564165930896e-8,3.165588838781984e-8,9.55368720067878e-8,2.7591662557763977e-7,7.625618294267843e-7,0.000002016798898399105,0.00000510435026840062,0.000012362567682698014,0.000028652811075680867,0.00006355008423587527,0.00013488242495145018,0.0002739586012873715,0.0005324819069531567,0.0009904102157954008,0.001762851410231828,0.0030026633552403805,0.004894269959633614,0.007634129764125288,0.011395188016161828,0.016276978623203636,0.022249304068774137,0.02910378074082158,0.03643113726906281,0.043640165414227085,0.05002537901124025,0.054876288125838266,0.05760622389338648,0.057868796512880634,0.055630106572901634,0.05117594535511979,0.04505188046325991,0.037953599139878946,0.03059799727871085,0.02360796219205984,0.017435813345545444,0.012336026285773589,0.008384126603814481,0.005527882420317435,0.0036544841007831357,0.0026608600134155,0.002516595209252554,0.0033116093568919627,0.005944655531288279,0.011086127222098317,0.01997308184227717,0.03485642222280085,0.059110156381002366,0.09774598708140303,0.1581746376392036,0.2512824925379272,0.3928187823939667,0.6049142812494109,0.9172774432784822,1.3672970533439084,1.998067477447157,2.8534395606000515,3.9697689682747086,5.365105903427863,7.02792022520717,8.908588679813093,10.917178773265396,12.930092015028002,14.805894533257488,16.407759053966558,17.62741755520491,18.404444979029897,18.73565750468233,18.672193788036378,18.30549045860944,17.74652355996376,17.10425603134486,16.468761597646047,15.902349107029922,15.439132949498994,15.090982354151357,14.856425092437226,14.72912569566246,14.703672272549204,14.777926689779216,14.952470690562006,15.228334410848221,15.604216464782574,16.074059824110837,16.625427416919855,17.238828270879317,17.88801877294804,18.541347372578272,19.164362996888983,19.724089013573046,20.195343557665296,20.568992837711235,20.860933111130716,21.119194472223946,21.4256013676249,21.888793311057764,22.627552034336937,23.746869628164575,25.31266301353714,27.332825228729345,29.751280049970145,32.45790725671312,35.31201985622767,38.17250836686343,40.925676317108135,43.5029771168148,45.88479112516186,48.09148984845429,50.16730808969279,52.16443596994652,54.13370570333317,56.12495587032477,58.196182598115584,60.427657996445916,62.93635762925248,65.88711484123885,69.4986600667835,74.04352294173813,79.8398025799843,87.23055916765027,96.54487163296486,108.035683322757,121.79489500182957,137.65544507652143,155.1009447446442,173.211788631093,190.67807910969972,205.90089012548822,217.18400460731937,222.99203329192088,222.22548438684018,214.44848396129282,200.00815549413278,180.0080605070369,156.1357018985188,130.38367213839936,104.73179969933082,80.8640987249249,59.9782923278599,42.71450321704676,29.195516101768288,19.145286617138282,12.041531389557894,7.262141256115078,4.1987136669986045,2.326781543446827,1.2357010663743504,0.6288252110021683,0.3065867928951891,0.14319878436023614,0.06406903562226654,0.027456425722540246,0.011269388023220977,0.0044298388888886035,0.0016674617629833393,0.0006010961326652974,0.00020725344862076192,0.00006851669752048058,0.00002158337179924151,0.000006413703417850942,0.000001537504920718446,0,0,0,0,0,0,0,0,0,0,0,0],[0,0,0,0,0,0,0,0,0,0,0,0,0,0,0,0,0,0,0,0,0,0,0,0,0,0,0,0,0,0,0,0,0,0,0,0,0,0,0,0,0,0,0,0,0,0,0,0,0,0,0,0,0,0,0,0,0,0,0,0,0,0,0,0,0,0,0,0,0,0,0,0,0,0,0,0,0,0,0,0,0,0,1.7962905605551338e-9,6.1861732466900986e-9,2.0387215311560905e-8,6.429601861293515e-8,1.9404416724989212e-7,5.604120243418628e-7,0.000001548833157915841,0.000004096303914184567,0.000010367404504443007,0.000025109511130834573,0.00005819649259768463,0.00012907606157897648,0.0002739586012873715,0.0005564350970584024,0.0010815196901466345,0.0020116141707690587,0.003580513226970942,0.00609868523074514,0.009940712090152922,0.015505619156675582,0.023144674122206645,0.03306003950034543,0.04519038135986038,0.05911245343342331,0.07399498795438426,0.0886371866544842,0.10160614229558063,0.11145878452443878,0.11700353495987205,0.1175368395332908,0.11298983861015412,0.10394297777675567,0.09150428427723609,0.07708655807584212,0.06214532274796673,0.04794426718793836,0.035398493328809816,0.025016489716212818,0.016932813527666395,0.011001400515946228,0.006913192420674117,0.004307601344718626,0.0028543216545991726,0.0022911261997632664,0.0031391188104167647,0.006093113556961543,0.011545321757452253,0.021429522003139176,0.03907781051519293,0.07014255145200624,0.12399108657430177,0.21564506780306858,0.36818348071863366,0.6152368602525388,1.0027912115021629,1.589096065968652,2.4412436579261776,3.627218429073354,5.2031311577301365,7.196939219640593,9.591862971963616,12.314230874452416,15.230786833687846,18.1589751897781,20.890452994117975,23.223938190336064,24.99997242269502,26.128743485575264,26.603578214324013,26.49673364258274,25.939295723179956,25.091447987487985,24.111548994661483,23.1317572704015,22.244900750271302,21.503245696874128,20.926313394537058,20.513011993861454,20.253417357537973,20.137072665810393,20.156756587345757,20.308399261583677,20.588692589576254,20.991954327598336,21.50733964789276,22.116954625308992,22.795075163138353,23.508540335723715,24.218443787856064,24.883403614055727,25.46486948710108,25.93487210108555,26.286019860687098,26.5422449602325,26.767117578013593,27.065389913639233,27.57388089427376,28.44043442096047,29.793973065781035,31.712954807875082,34.20176283318437,37.183305915352506,40.5114131029492,44.0001706500062,47.46166860535533,50.741006784128466,53.73886872477976,56.41686099505574,58.78719189447319,60.89361169873828,62.792882754998914,64.54466061106599,66.21335391927043,67.88029378494012,69.66067113779297,71.71870276301712,74.27631383637565,77.6137250656252,82.06248219245977,87.99111259512391,95.78086773856464,105.7858846851403,118.27147508808837,133.3285032020857,150.77134113382945,170.0394461749323,190.13359428926432,209.6216242118149,226.74063310149012,239.60175976089013,246.47384974764012,246.09229202423538,237.92054962000898,222.29382533267554,200.39965758393558,174.09263542520253,145.5858997786953,117.09467512373718,90.51553787872415,67.20780613811569,47.908491759153094,32.773459294579595,21.507934313579156,13.536770444246546,8.168911566323208,4.725579574506964,2.6200529632202416,1.3920750456514954,0.7086887724353818,0.34565208407852654,0.16149937912134216,0.0722791090566095,0.030983491875748743,0.012720331232664398,0.005001367154804094,0.0018830025793587159,0.0006789322282785225,0.00023416041047150544,0.00007742370233813877,0.000024390961576366433,0.000007259566963156311,0.0000017414896125916095,0,0,0,0,0,0,0,0,0,0,0,0],[0,0,0,0,0,0,0,0,0,0,0,0,0,0,0,0,0,0,0,0,0,0,0,0,0,0,0,0,0,0,0,0,0,0,0,0,0,0,0,0,0,0,0,0,0,0,0,0,0,0,0,0,0,0,0,0,0,0,0,0,0,0,0,0,0,0,0,0,0,0,0,0,0,0,0,0,0,0,0,0,0,0,3.4913750421839423e-9,1.2023806924334666e-8,3.9625780083383184e-8,1.2496948969526512e-7,3.771555546159919e-7,0.000001089249477836307,0.000003010402409721037,0.000007961815067805369,0.00002015069172765196,0.00004880430950800241,0.00011311409538076415,0.0002508797573377916,0.0005324819069531567,0.0010815196901466345,0.002102104713305143,0.0039098905625580774,0.006959294221861589,0.011853760116725832,0.019321347478645272,0.030137625240593588,0.044985337764498666,0.06425741989617213,0.08783465943161874,0.114894410253948,0.14382097187595277,0.17228040278696807,0.19748762095245306,0.2166377907149508,0.2274148908737512,0.2284514507032781,0.21961362752239924,0.2020295990338479,0.17785295989190647,0.14982961869593978,0.1207883658487431,0.0931847295441909,0.06879574067996186,0.04860607322603941,0.03286897443152972,0.02128309116249308,0.013213535239639479,0.007896259070690704,0.004581611525794677,0.0025937603764182894,0.0018884758915702477,0.003954948106843961,0.008154957313085113,0.01655561830431549,0.03304254036097846,0.06466400281845588,0.1236755035192752,0.2303712807731859,0.41655883762346,0.7291147122503897,1.2324932545597573,2.008493100230307,3.1513092993280476,4.756264763441901,6.9019111759806275,9.627383714365331,12.909493341484655,16.64607928958237,20.652494834862036,24.675970213569826,28.428105744059394,31.630099163352444,34.060527158003005,35.59359040626929,36.21776488703022,36.03028730615132,35.20994104765135,33.976635484274965,32.54920084100804,31.111864142715685,29.795773216095025,28.676514154338236,27.78388264544421,27.11766682622836,26.66328466907324,26.40313856929526,26.322268557603387,26.409123733115187,26.65337115006714,27.042655232421232,27.559619382445707,28.17984285353526,28.870954017923854,29.593059855514717,30.30070516613613,30.946723650259308,31.488491681567027,31.89698845686895,32.168361583055,32.336207901159106,32.48085125557043,32.73056764186174,33.25023503303373,34.21595504706915,35.77923760454001,38.029401176271634,40.965488511997734,44.48753522951041,48.4114840758915,52.50439959933893,56.52987320463087,60.29035721542284,63.65485028810785,66.56612886202154,69.02928797311398,71.08973979283036,72.81165150409166,74.2661762801902,75.53365455398969,76.71760964640735,77.96361520089592,79.47490008468166,81.51896602934285,84.42373842455316,88.56508857516734,94.34780744577913,102.17904215579682,112.4288842784458,125.37065207955497,141.096582115763,159.41417755302217,179.7423061081188,201.03929434944146,221.80122258222053,240.16176456533074,254.1033553224248,255,255,253.41624303481547,237.1115226529619,214.05018078750075,186.18934442749526,155.88622737588116,125.51524398144464,97.12050860651429,72.17646507642716,51.49189079292903,35.25044544896304,23.148657576457417,14.578033881069247,8.801969960840966,5.094251224678969,2.8256947445334935,1.5019319798183663,0.7648920506536036,0.37318743339292043,0.17441736446075093,0.07808215678374233,0.033479561651811984,0.013748316434398226,0.005406717475174704,0.0020360207448334973,0.0007342401516734422,0.0002533020378982931,0.00008376470410620283,0.00002639034944161555,0.000007866357275277887,0.0000018883411478339489,0,0,0,0,0,0,0,0,0,0,0,0],[0,0,0,0,0,0,0,0,0,0,0,0,0,0,0,0,0,0,0,0,0,0,0,0,0,0,0,0,0,0,0,0,0,0,0,0,0,0,0,0,0,0,0,0,0,0,0,0,0,0,0,0,0,0,0,0,0,0,0,0,0,0,0,0,0,0,0,0,0,0,0,0,0,0,0,0,0,0,0,0,0,0,6.493917377846716e-9,2.2364142433970332e-8,7.370349469338309e-8,2.324418119014463e-7,7.015049889169626e-7,0.0000020259914868690338,0.00000559931381951181,0.000014808884351674106,0.00003748005459304003,0.00009077545373916042,0.0002103909149826189,0.0004666334599524295,0.0009904102157954008,0.0020116141707690587,0.0039098905625580774,0.007272351426844257,0.012944207121508785,0.022047857329781782,0.03593748383917653,0.056055635934918344,0.08367221026889365,0.11951806112995693,0.16337145519131757,0.21370228014772394,0.2675053516965737,0.3204395655016498,0.3673247010468772,0.40294379630500454,0.422989078509992,0.42491706699230813,0.4084788145719948,0.3757727144308001,0.3308044142233701,0.27868123292856484,0.2246645807416083,0.17332143213537815,0.1279563505262827,0.09039937842710594,0.06111820211025492,0.03954541877358717,0.024487587460157757,0.014502371866218075,0.008165478854882214,0.004190931210689106,0.0014372971695187857,0.003292436458336746,0.0073870005813241706,0.016176785641249962,0.03445619355313123,0.07115263666187929,0.1420603940863609,0.2736222615430823,0.5075562530023269,0.9055698128921558,1.552659639222236,2.5567586949647882,4.042144276360761,6.134519755543696,8.93739735786198,12.502289388270917,16.798610969932913,21.691846564716993,26.93896694789817,32.207280259996985,37.11702316572719,41.30062411418136,44.46533892250371,46.44348166599541,47.2171331358248,46.911352065342996,45.759059533992406,44.048582629127765,42.068634473647734,40.0642735303055,38.21210975446013,36.616068110579675,35.31902661437937,34.32245374374362,33.60627000909938,33.14369694710376,32.90925614143885,32.88085242261444,33.03820903412834,33.35988659976634,33.82037537262836,34.38798478033784,35.02384973971676,35.68229496326828,36.31290307432212,36.86475898670882,37.2934307169661,37.57106191414523,37.69914915072038,37.72194629461503,37.736331063288304,37.89251020490758,38.38053569410902,39.401043892112504,41.12430364747224,43.64737663006232,46.96220966276562,50.94584691831088,55.377685295551125,59.980024585567065,64.47045298098354,68.61096822285394,72.24057153943464,75.28456333601507,77.74233766836393,79.66275825103962,81.11950523681288,82.19704408125999,82.99206167116355,83.62798777233856,84.2747378765679,85.16434874072435,86.595956102952,88.9286585776798,92.56506529004905,97.92911784809446,105.43854832386815,115.46713941720185,128.2885677201444,143.99575201656336,162.39886315321806,182.9196774797227,204.51457580444992,225.66612510496282,244.47746826902363,255,255,255,255,242.64198651104905,219.28596993500474,190.94419297836478,160.02403140138256,128.9635730723198,99.87154314775671,74.27708497929471,53.02694181798574,36.32396031468318,23.867119838523173,15.038204543413062,9.084044993732821,5.259734327922897,2.9186122947909636,1.551867246697272,0.7905777501513248,0.38583352463333603,0.18037684233636175,0.08077028881836197,0.03464016445674759,0.014227955417471329,0.005596449285347599,0.0021078532890932136,0.0007602744526690384,0.0002623439657381088,0.00008676641786512427,0.00002733770305948093,0.000008160080442898363,0.000001960161360570627,0,0,0,0,0,0,0,0,0,0,0,0],[0,0,0,0,0,0,0,0,0,0,0,0,0,0,0,0,0,0,0,0,0,0,0,0,0,0,0,0,0,0,0,0,0,0,0,0,0,0,0,0,0,0,0,0,0,0,0,0,0,0,0,0,0,0,0,0,0,0,0,0,0,0,0,0,0,0,0,0,0,0,0,0,0,0,0,0,0,0,0,0,0,0,1.1558656428308684e-8,3.980639476410074e-8,1.3118635842714847e-7,4.137279375478018e-7,0.0000012486230849343359,0.00000360610370610572,0.000009966333248218479,0.000026358636297327637,0.00006671151613863771,0.00016157308768266078,0.00037447909488616635,0.0008305704442657271,0.001762851410231828,0.003580513226970942,0.006959294221861589,0.012944207121508785,0.023039659137763346,0.039243432434894365,0.06396586288762933,0.09977457348817038,0.14892987927358406,0.21273264274834952,0.29078819622669905,0.38037306150525074,0.47613824954758405,0.5703569399120101,0.6538087520971622,0.7172079086340767,0.7528869166249006,0.756318582423625,0.7270597992973228,0.6688455384242402,0.5888055284378941,0.4960303746978818,0.3998849247052028,0.3084979147077071,0.22775091934387537,0.16090083509033604,0.10877898004400527,0.07037332877468326,0.04355707508751691,0.02576144742313851,0.014458770937599693,0.0073996600631250345,0.0025825294708252205,0.0033466089423857762,0.007895439670394954,0.017991979962319264,0.03951875857803442,0.08353016526684444,0.1696990735342835,0.3310826601967376,0.6199476097653384,1.1136969819737874,1.9190077166136652,3.171367758032399,5.02677191048999,7.642967740775245,11.149796067574236,15.611778865465519,20.990355371991114,27.116476609573358,33.68480498778894,40.277256175445345,46.41627162570117,51.638998468725006,55.57577364878895,58.01321841330202,58.925561697218086,58.466703724429266,56.92690222017035,54.667669914235795,52.05317551779339,49.39492294937908,46.91998769799054,44.764543638107114,42.98707199187059,41.5917428750062,40.55256808586462,39.831975770049496,39.391524963077394,39.19576279574301,39.21177460266767,39.40690140068613,39.746223260294464,40.19056128638531,40.69537147266149,41.21090334534989,41.68414647096772,42.063180325060614,42.30453830805313,42.383909658927735,42.309615025064545,42.136579472292865,41.9763293653199,41.99701899927429,42.40814364782245,43.42828441975249,45.24033595837023,47.944844674732295,51.52537255461786,55.838060400567045,60.630793170507125,65.5879510531921,70.38831789918298,74.75968973400558,78.51562833652712,81.56677344307008,83.90839288629176,85.59380102753505,86.7069865304233,87.34607675523546,87.62311870634686,87.67787653612748,87.69733642339403,87.93088299073015,88.69402658241475,90.35915655982802,93.33669603087684,98.051307074587,104.91460962546944,114.29019425667853,126.44244464241415,141.46188908899282,159.1684209706913,179.0082382436092,199.97560409986144,220.59924943817498,239.028695583791,253.23512440356643,255,255,253.99184315024715,238.13945072012277,215.40930219895523,187.7295026853571,157.4572017349898,126.99061772011844,98.4121461939107,73.23852647244854,52.316136921866104,35.85623496844432,23.571309536223367,14.858448842994033,8.979122051405039,5.20092372533756,2.8869657897618874,1.535522536202443,0.7824771895724438,0.38198181215275845,0.17862007196514335,0.08000181663152597,0.0343178122986813,0.014098308286784817,0.005546460285060385,0.002089376230093348,0.0007537286588120316,0.0002601383620247587,0.00008604778624135868,0.0000271127577425379,0.00000810344486917882,0.00000194783222749537,0,0,0,0,0,0,0,0,0,0,0,0],[0,0,0,0,0,0,0,0,0,0,0,0,0,0,0,0,0,0,0,0,0,0,0,0,0,0,0,0,0,0,0,0,0,0,0,0,0,0,0,0,0,0,0,0,0,0,0,0,0,0,0,0,0,0,0,0,0,0,0,0,0,0,0,0,0,0,0,0,0,0,0,0,0,0,0,0,0,0,0,0,0,0,1.968784997513305e-8,6.78021994188833e-8,2.2344961626960004e-7,7.047024552968973e-7,0.0000021267786722571743,0.000006142273472780228,0.00001697564721385333,0.00004489664349741557,0.00011362967049824835,0.00027520730718533204,0.0006378499339149666,0.001414709953696238,0.0030026633552403805,0.00609868523074514,0.011853760116725832,0.022047857329781782,0.039243432434894365,0.06684330614717698,0.10895300157700569,0.16994594885241568,0.2536721407145461,0.3623473351959417,0.4952992951524673,0.6478891224032387,0.8110058883277151,0.97148850603104,1.1136319089987392,1.221619640115287,1.282391665042383,1.2882368184323536,1.238400356732475,1.1392440525729637,1.002911964658881,0.8448881072294454,0.6811235999173376,0.5254640671341514,0.38792747763224644,0.27406131513279053,0.18528141050719354,0.11986401799535304,0.07418854431644001,0.04388735833067411,0.024680947956819882,0.012813164434179587,0.005075394185619522,0.003703217968854852,0.008924641257023242,0.020661436231851082,0.04591317128115149,0.09787400096644928,0.20007093408606783,0.39208535947966866,0.7365441281826868,1.3262291246371904,2.289035492527072,3.7874071941139693,6.008365188869807,9.141003341187654,13.340907971985724,18.68527941220393,25.127620609643305,32.464820109328755,40.330099448548175,48.221098413290974,55.563583414551914,61.80025164693078,66.48480424140372,69.35776447565523,70.38446015049499,69.74618209545127,67.78906326239343,64.94676296172366,61.658629753059465,58.30323312529459,55.15949781003234,52.39762495681747,50.09337286566428,48.25470304986696,46.84990553557457,45.82982822832595,45.14149308156561,44.734108254462946,44.5602036138701,44.57449412301151,44.7320879140494,44.98676850655618,45.28976817561317,45.589561217436184,45.83341650548114,45.97149880912663,45.96418546164169,45.792856090608154,45.47345562926219,45.070405683528904,44.70625332588756,44.56094004537649,44.85526057009124,45.81686861325606,47.633471727678014,50.404239243751164,54.10387326394167,58.57201547792347,63.53366045630536,68.64645793188868,73.56200542527083,77.9839641861459,81.70770593590557,84.63334599830146,86.75359854451165,88.126190768777,88.84456517990463,89.01902932765728,88.7743357212134,88.26171158505538,87.67708317137003,87.27528041662774,87.37283996687283,88.33775794233237,90.56976989355984,94.47638816978774,100.44697401801753,108.82134962046182,119.84470613373446,133.6009700820015,149.92451737541606,168.3039372330933,187.80657661753227,207.06174872258507,224.3370633573506,237.72331354206437,245.41177310898522,246.01313105131135,238.8428179473092,224.0948330183106,202.84978433725675,176.90678200907863,148.4782467313968,119.8239255846182,92.91246895769063,69.18306103803947,49.44389400125988,33.903252050831824,22.29687788336195,14.060563675480084,8.499992529612092,4.925023100684797,2.734647675251657,1.454915502229089,0.7415935028004679,0.3621105922231037,0.16936573134155894,0.07587259913130669,0.03255278930124818,0.01337560305572997,0.005263016463195371,0.001982908491743588,0.0007154251820760612,0.0002469633294810211,0.00008169945667787315,0.000025743900371874375,0.000007703640116430331,0.0000018529177600123893,0,0,0,0,0,0,0,0,0,0,0,0],[0,0,0,0,0,0,0,0,0,0,0,0,0,0,0,0,0,0,0,0,0,0,0,0,0,0,0,0,0,0,0,0,0,0,0,0,0,0,0,0,0,0,0,0,0,0,0,0,0,0,0,0,0,0,0,0,0,0,0,0,0,0,0,0,0,0,0,0,0,0,0,0,0,0,0,0,0,0,0,0,0,0,3.209072789825072e-8,1.1051597483739995e-7,3.642175678773077e-7,0.0000011486482663533674,0.0000034665987275101736,0.000010011759889505169,0.000027669901808705892,0.00007318046266301821,0.00018521366435303265,0.0004485813748910916,0.0010396802441625672,0.0023059436269757512,0.004894269959633614,0.009940712090152922,0.019321347478645272,0.03593748383917653,0.06396586288762933,0.10895300157700569,0.17759080507630345,0.2770078606308579,0.4134795649763291,0.5906175510843511,0.8073260883747541,1.0560438829805856,1.3219203376232467,1.5835031932230788,1.8151935643366983,1.9912110014863922,2.090267958859817,2.099795420018419,2.0185631708120764,1.8569407492800034,1.6347226818736749,1.3771475416690946,1.1102152682814883,0.8564938835717626,0.6323123962314624,0.4467132859794263,0.30200458728761176,0.1953776063307672,0.12093495821835205,0.07156971127674144,0.040341577659876365,0.021222658136488597,0.009223279785357641,0.004129592220651355,0.010029000611989079,0.02334788311123282,0.05209215891807561,0.11136843365710532,0.22813135413081562,0.4477470257491096,0.842011846661503,1.517305719904834,2.62027566598476,4.337183177255289,6.8824600897329145,10.472889039474751,15.286782262976887,21.412486229907504,28.796368931103924,37.20498858837531,46.21688266527892,55.254616566311796,63.65767553164754,70.78418342755838,76.11879230975093,79.35985185633746,80.46345823970661,79.63405784157143,77.26669623539635,73.85913682549318,69.91843176236739,65.8845221071332,62.0848052257448,58.72229187936618,55.890303072093126,53.60153604075033,51.81942726170925,50.48360525384816,49.52633161264652,48.88087555133735,48.48459296396758,48.27930881301028,48.2105375469098,48.22619396766001,48.2752405040805,48.30696717775966,48.27188337631391,48.12520590379931,47.83367235863459,47.385868389485424,46.80525048695262,46.163374934566534,45.58876904288569,45.265464698661944,45.41591606872279,46.26674711961621,48.00196430996847,50.71457573218299,54.370972165285906,58.80068964576099,63.71724535330315,68.76600682887825,73.58628402802442,77.87050717471045,81.40511337523786,84.08477607217273,85.90108579137414,86.91508242419697,87.22715025293734,86.9564511118592,86.23616452022068,85.22303381548898,84.11346375345502,83.15629117323999,82.65491808188621,82.95702800330348,84.43533748058081,87.46473876952737,92.39861767810498,99.54162961659149,109.11136777546416,121.18114103777413,135.60271339520898,151.92039555694151,169.3019207420927,186.5205066916021,202.02007839717234,214.07881773087567,221.057617167426,221.68825851223968,215.3333282298431,202.14682148988604,183.0853147596538,159.75926732543473,134.15900835666255,108.32413410172988,84.03644538933055,62.60253942970872,44.75997031671521,30.703668057119636,20.20004022112351,12.742612599283703,7.705680690022702,4.466089817015667,2.480493516861553,1.3200294059850797,0.6729970533910249,0.32868722056967675,0.15376411662380896,0.06889636782481455,0.029564870127584304,0.012149894781242206,0.004781460511034577,0.0018017333869625187,0.0006501454470446396,0.00022446529064523853,0.00007426499456020175,0.000023402283581842525,0.000007010837496806791,0.0000016873380566452616,0,0,0,0,0,0,0,0,0,0,0,0],[0,0,0,0,0,0,0,0,0,0,0,0,0,0,0,0,0,0,0,0,0,0,0,0,0,0,0,0,0,0,0,0,0,0,0,0,0,0,0,0,0,0,0,0,0,0,0,0,0,0,0,0,0,0,0,0,0,0,0,0,0,0,0,0,0,0,0,0,0,0,0,0,0,0,0,0,0,0,0,0,0,0,5.0055428699487125e-8,1.7238388970694967e-7,5.681100957818089e-7,0.0000017916727093116075,0.000005407234325902518,0.0000156164402033657,0.000043159781276976997,0.00011414759561199804,0.00028889807048282406,0.0006997015804058127,0.001621703331160075,0.0035968332401526137,0.007634129764125288,0.015505619156675582,0.030137625240593588,0.056055635934918344,0.09977457348817038,0.16994594885241568,0.2770078606308579,0.43207954836578133,0.6449494367653704,0.9212509859765419,1.2592750648102664,1.6472274937380154,2.0619441670536007,2.469963642928418,2.8313565315038,3.105910237578918,3.260420240677473,3.2752812670032596,3.148574416559844,2.896474195284267,2.549856297268819,2.1480880927758688,1.7317245374790213,1.3359674446325722,0.9862869450599956,0.696787885461396,0.47107079497858156,0.3047560144446149,0.18864978201745858,0.11168090229916716,0.06306360291047526,0.033499886587021,0.015468258575224875,0.004488269479093361,0.010928624915645245,0.025490106771045896,0.05694850499750566,0.12186875150227583,0.2498138768212364,0.49054655581764334,0.9228271323176795,1.6633583129984877,2.8730190107700864,4.75614443426509,7.547963191778998,11.48625737242819,16.766554445640068,23.485592220396146,31.584191156428627,40.805651398780526,50.68660848747519,60.5920295828559,69.79502082457927,77.5883201753621,83.40269930154018,86.9028552394942,88.03626681293474,87.02366682989586,84.29658863850347,80.40175420561872,75.89899532590447,71.27724040013948,66.90376679093397,63.00971984669434,59.7044968750639,57.006095171495716,54.87460276102937,53.24008197768455,52.021452855678874,51.13719044109562,50.510507056561494,50.071472706556605,49.757432004342085,49.51224655318603,49.28481981404981,49.02776256781736,48.69741690533463,48.256421063314264,47.67961048201664,46.96338258320383,46.13761999801816,45.27770845512459,44.51230775613828,44.02127340833649,44.018820888410666,44.720531856872704,46.29863386963286,48.83594402857069,52.29212029826048,56.49424137143848,61.157177887914266,65.92996055930365,70.45596978249677,74.4305766870578,77.64144111753761,79.98325004552557,81.44764429772982,82.09700613573523,82.03482778019689,81.38433056973146,80.28161974993264,78.88242247218895,77.37550277554762,75.99365417157064,75.01534913368923,74.75517565726678,75.54614007339367,77.71892915386482,81.58112115024363,87.39438782225659,95.34311304778095,105.48720600458603,117.69733333478257,131.5816551022073,146.42562116705116,161.17466055575986,174.48800281038376,184.87763436424342,190.92164697885184,191.51343986322328,186.087998065546,174.763324646387,158.3528978797461,138.2393273568783,116.13854863185331,93.81384389746641,72.80922381051606,54.25982148740429,38.8091425821604,26.630695197448084,17.526002041598225,11.059062646780164,6.689465474946929,3.8781119893776985,2.154447677383778,1.1467782369899584,0.5847907768350133,0.2856641187412472,0.1336619675226248,0.05989961228554419,0.025708319847202944,0.010566614453646806,0.004158966381606984,0.0015673740483505435,0.0005656486976128395,0.00019532083248659246,0.00006462920670741709,0.00002036665472930451,0.000006107844003843271,0.0000014709092696987783,0,0,0,0,0,0,0,0,0,0,0,0],[0,0,0,0,0,0,0,0,0,0,0,0,0,0,0,0,0,0,0,0,0,0,0,0,0,0,0,0,0,0,0,0,0,0,0,0,0,0,0,0,0,0,0,0,0,0,0,0,0,0,0,0,0,0,0,0,0,0,0,0,0,0,0,0,0,0,0,0,0,0,0,0,0,0,0,0,0,0,0,0,0,0,7.471591902205415e-8,2.573111664146658e-7,8.479972905012796e-7,0.0000026743647300801483,0.000008071182137963421,0.00002331009267051531,0.00006442303675511659,0.0001703839669721096,0.0004312276490410613,0.0010444191165570737,0.0024206576173024063,0.005368862241106497,0.011395188016161828,0.023144674122206645,0.044985337764498666,0.08367221026889365,0.14892987927358406,0.2536721407145461,0.4134795649763291,0.6449494367653704,0.9626925818572505,1.375117861450181,1.8796741175412148,2.4587566070389406,3.0777891113167524,3.6868249524021763,4.226262981393051,4.636079319066799,4.866710784615056,4.888893298441565,4.699762588258629,4.323461751140178,3.8060778132945194,3.206373017099438,2.584882269989945,1.994150036966455,1.4721946512168056,1.0400702359186715,0.7031516631892456,0.454903084733568,0.2816066693597828,0.16675180544008594,0.09428019995712374,0.050420542622518584,0.024213604440334137,0.006976449243633776,0.011447043836261264,0.026715964615328356,0.059713952486479455,0.12782772084863242,0.26208906264655996,0.5147351959778217,0.9684448779397874,1.7457280111603195,3.0154684081735748,4.99216473413216,7.922735255323931,12.05675383572259,17.599386902065262,24.6520018844746,33.15212722333768,42.82967598159241,53.19720744654441,63.58650092561778,73.23217706087615,81.38864485378895,87.45444288543024,91.07317179485791,92.18532075624415,91.01905101227861,88.02554065981992,83.77941609523754,78.87201417462508,73.82299383629382,69.02616390354517,64.7328019354303,61.06502565447557,58.04612231848748,55.63479464094408,53.754386425901686,52.313530962837035,51.21885239952565,50.38215826825496,49.724307795377726,49.17686526118679,48.681912898221036,48.19047267136187,47.66053162387739,47.05609754515935,46.34864402865075,45.521802961899105,44.579387266672214,43.55579441211288,42.526438939424715,41.61424109469116,40.987138199609106,40.84225118590283,41.37550438129141,42.740755113052806,45.00787480122824,48.132187202469645,51.94621693042538,56.17876150791513,60.49787517396188,64.5666906528343,68.09711584520593,70.88778758237622,72.83856929001843,73.94199535781358,74.25931164921228,73.89257031901357,72.9634830600524,71.60505283857752,69.9655631382339,68.21908578155711,66.57451423673042,65.27685869728153,64.59891636543773,64.8258730477277,66.23737725364913,69.09001721123902,73.59891719861281,79.91303540134055,88.07785294501647,97.98341364727523,109.30465356799675,121.45150909116134,133.55351729160245,144.50267709122508,153.06678655275311,158.06498693117533,158.57400793933553,154.11649058616797,144.7797995305768,131.2282416413041,114.59998864264641,96.31260366655125,77.82615236647054,60.42164243243069,45.04286925487344,32.22675112401292,22.12038251180522,14.561745607118029,9.190989954333597,5.5608601571782,3.224564002341691,1.7917630235542996,0.9539206491502491,0.4865372450732854,0.2377108255504445,0.11124334889422342,0.04986073809635023,0.021402903050004935,0.008798229262762247,0.0034633914827064015,0.0013053946036602686,0.00047115754600890133,0.00016271390811507783,0.000053845255119776044,0.000016968878806274097,0.000005093854959310117,0.000001227450374256093,0,0,0,0,0,0,0,0,0,0,0,0],[0,0,0,0,0,0,0,0,0,0,0,0,0,0,0,0,0,0,0,0,0,0,0,0,0,0,0,0,0,0,0,0,0,0,0,0,0,0,0,0,0,0,0,0,0,0,0,0,0,0,0,0,0,0,0,0,0,0,0,0,0,0,0,0,0,0,0,0,0,0,0,0,0,0,0,0,0,0,0,0,0,0,1.0672482235572771e-7,3.675453489054239e-7,0.0000012112861806621638,0.000003820084186450016,0.000011528941772376635,0.00003329632469115434,0.00009202238617016656,0.00024337783494298018,0.0006159690577479314,0.0014918567038783037,0.003457686896876454,0.007668926199854872,0.016276978623203636,0.03306003950034543,0.06425741989617213,0.11951806112995693,0.21273264274834952,0.3623473351959417,0.5906175510843511,0.9212509859765419,1.375117861450181,1.9642294627753871,2.6849416952501275,3.512107801615158,4.396338831845407,5.266290547609318,6.036828186301562,6.622213153911957,6.951649002556384,6.983334684514996,6.713178850108269,6.175667694236104,5.43663229743378,4.580009121349881,3.692266716549491,2.8484600206322415,2.1028947261089574,1.485645045784994,1.0043889852619274,0.6497921959687687,0.40226532217515687,0.23823918753458734,0.1348164059967075,0.07243095094274038,0.0356897838954737,0.012806532056638438,0.01149083703210592,0.02682372435225139,0.059963680013131265,0.12837590522679074,0.2632329573138333,0.5170096987819874,0.9727615060050835,1.75355630477698,3.0290459123521747,5.014700535421224,7.958546834740719,12.11125538228006,17.678839174154195,24.762949790244626,33.30049653098174,43.01957067880215,53.429528400757874,63.85757336631692,73.53260812381816,81.70262472647862,87.75965958864035,91.34144610065479,92.38399672096445,91.11310082355108,87.98024728966737,83.56337488636521,78.46005690192423,73.19853076552006,68.18242610745448,63.6726002581947,59.798925599491994,56.58930146097745,54.00318611524485,51.960904397637684,50.36515834000441,49.11515783568469,48.115473657257404,47.28144067510836,46.541931120092855,45.839707424866425,45.12977892587647,44.376850679905594,43.55344191674304,42.640163880746954,41.62906325125676,40.530089108089314,39.37973767517132,38.249709398447344,37.25207803710055,36.53663208684745,36.276667489185904,36.64224984897267,37.76450180786011,39.6991253520003,42.39995073324144,45.712058712327135,49.3888752487056,53.13030169701032,56.63224221765299,59.634441616903054,61.9546422088161,63.50213996750679,64.27085155331132,64.31834425111774,63.74070556663456,62.652647673875585,61.178352069846255,59.45308043368893,57.630863883957474,55.89157073459163,54.44193280524284,53.50871594934986,53.32601294990536,54.1204752139969,56.097150167101155,59.42518546176196,64.2191608204426,70.51083228549324,78.20926704094627,87.0544370826082,96.57784879636368,106.08977333301016,114.71216282342765,121.4673560122798,125.41645641787437,125.82270399873849,122.30134679181714,114.9149176589436,104.18415479981873,91.00728108288321,76.50631618362627,61.839173333070896,48.02343354382226,35.81014975196183,25.62782569458308,17.59535838607921,11.585744749467061,7.314295830214149,4.426359019643647,2.567230974342771,1.4267859374330576,0.7597488434679531,0.3875688843011022,0.18938800887827667,0.08864295095166498,0.03973668481642543,0.017059438262555647,0.007013632713880761,0.002761224906282833,0.0010408569935967079,0.0003757179852420401,0.00012976922573125458,0.000042947149441485425,0.000013534838403844903,0.0000040667013162168765,9.805115567157807e-7,0,0,0,0,0,0,0,0,0,0,0,0],[0,0,0,0,0,0,0,0,0,0,0,0,0,0,0,0,0,0,0,0,0,0,0,0,0,0,0,0,0,0,0,0,0,0,0,0,0,0,0,0,0,0,0,0,0,0,0,0,0,0,0,0,0,0,0,0,0,0,0,0,0,0,0,0,0,0,0,0,0,0,0,0,0,0,0,0,0,0,0,0,0,0,1.458841397563451e-7,5.024045565313219e-7,0.000001655729553483441,0.000005221743948934008,0.000015759124406487217,0.00004551336397100424,0.00012578710695825758,0.00033267767800142944,0.0008419795331827146,0.0020392466071258164,0.004726376370215981,0.010482797505079983,0.022249304068774137,0.04519038135986038,0.08783465943161874,0.16337145519131757,0.29078819622669905,0.4952992951524673,0.8073260883747541,1.2592750648102664,1.8796741175412148,2.6849416952501275,3.6700966172794764,4.8007653145808264,6.009437115045847,7.19859025564101,8.251852449845746,9.052026022789207,9.502337996363691,9.545649742900459,9.176368720614159,8.441634749136488,7.431433553812046,6.260499441319775,5.047027877602013,3.8936128491417645,2.8744858140132226,2.030756087291438,1.37291934107968,0.888217702171704,0.5498790918904969,0.3257001292390649,0.18441969332041275,0.09939058639446388,0.04981520463459112,0.02015646123981312,0.01104364259744193,0.025781576699122247,0.05763679635879883,0.12339860123001085,0.2530333578306747,0.4969856431332289,0.9350973877625844,1.685674587331334,2.9118032516320245,4.820610840474367,7.650511539500199,11.642439327884734,16.994354658856537,23.803812315085914,32.00985474135052,41.35054957236293,51.35333247563088,61.37002904519545,70.65732305680477,78.48952324811715,84.27872726607579,87.67278118703308,88.60630574693627,87.29321990426013,84.16594686234593,79.78071813937008,74.71527191110921,69.4831675807247,64.47987833091673,59.96404798728353,56.067323161368385,52.820915227487255,50.1870391503898,48.087032397236875,46.422716414369226,45.09120257407462,43.99484876007459,43.04779457238948,42.17960183152734,41.336055426670725,40.47750965661724,39.575906677585564,38.61211643186893,37.57515216626071,36.46419002360303,35.293444037697874,34.09900069003577,32.94568959456473,31.93101841982346,31.182578464078514,30.845884144239204,31.06188320317302,31.937122100395946,33.51339792873238,35.74587852160224,38.49765035604987,41.55438547539076,44.65670697562444,47.54222537394769,49.98629415205385,51.83138334729345,52.99913856853574,53.48502227580859,53.34074219366248,52.65261411990639,51.52374943068738,50.064873036966524,48.39412076286406,46.64224340993277,44.95785709512735,43.5082564726841,42.474132736084364,42.03962091780646,42.38070776114605,43.654273494830775,45.98742592238868,49.46397480216883,54.103957812168964,59.83440563688256,66.45488154853497,73.60788024481299,80.76889190459323,87.27076168107625,92.3702876977546,95.35271265199067,95.65558869350153,92.9828501750341,87.37778516209649,79.23208375461572,69.2251804011565,58.207882376914554,47.059644710324484,36.55440223547807,27.264228845442492,19.51628843682837,13.402286704602966,8.826661623110603,5.573562805782208,3.373578771270039,1.956991602501904,1.0878240076566712,0.5793509994781977,0.29558931027417173,0.14446304337224028,0.06762533872936943,0.030318974152376076,0.013017932394386875,0.0053526852971130055,0.0021075553557124774,0.0007945362635643624,0.0002868321984481815,0.00009907953780969362,0.000032793214063406645,0.000010335085356072057,0.000003107931855975115,7.497710173950711e-7,0,0,0,0,0,0,0,0,0,0,0,0],[0,0,0,0,0,0,0,0,0,0,0,0,0,0,0,0,0,0,0,0,0,0,0,0,0,0,0,0,0,0,0,0,0,0,0,0,0,0,0,0,0,0,0,0,0,0,0,0,0,0,0,0,0,0,0,0,0,0,0,0,0,0,0,0,0,0,0,0,0,0,0,0,0,0,0,0,0,0,0,0,0,0,1.9082754246640908e-7,6.571833443095633e-7,0.000002165820096742275,0.000006830437954586374,0.000020614132467964704,0.00005953493923651963,0.00016453909612720307,0.0004351676874023096,0.001101373222562961,0.0026674895514394448,0.006182459512089576,0.0137122958630629,0.02910378074082158,0.05911245343342331,0.114894410253948,0.21370228014772394,0.38037306150525074,0.6478891224032387,1.0560438829805856,1.6472274937380154,2.4587566070389406,3.512107801615158,4.8007653145808264,6.27976590511848,7.860800483081626,9.4163031704539,10.794050171797313,11.840738020979522,12.429780307577229,12.486435363879542,12.003387720179656,11.042299843333126,9.720879901292692,8.189209087362162,6.601896054204529,5.093141533545145,3.7600459142057865,2.6563835894521186,1.7958841088084445,1.1618604775032013,0.719297233785616,0.42608220421705284,0.24135716088953635,0.1303529422674625,0.06608173251272208,0.028731196582089863,0.010158589623750632,0.02371594188450836,0.05301974874109611,0.11351494450028754,0.23276843438243822,0.457185622887999,0.8602152648344532,1.550689806631762,2.678634585712491,4.4345860669063235,7.0378532796424595,10.710044083870834,15.633195373450159,21.896906039688098,29.444828531256267,38.035525416338245,47.233476505519114,56.44116845043998,64.97299738874979,72.15893404049086,77.45510431045997,80.53411630784203,81.33242249446445,80.04405610599812,77.06541462634037,72.90877732613542,68.10853487028128,63.14223295622888,58.38030901605985,54.067732911908,50.331743765260775,47.205125947274084,44.654433203429186,42.6058005351242,40.96517574890473,39.632981161893035,38.51450178950993,37.527031237645396,36.604038167509884,35.69628149075285,34.77021074593831,33.804757376306455,32.788150225290195,31.716296733026873,30.593646284507606,29.436593177127758,28.27861149803276,27.175474047721508,26.208121743992454,25.480322872062647,25.1087467380164,25.204887253344047,25.851235486465924,27.07714123216567,28.841515884361403,31.028725021635918,33.460632502711064,35.92288629724773,38.199047808543334,40.103795462850854,41.507063000820686,42.34425157877474,42.61227991032858,42.355488525199675,41.64782980925252,40.57768396576772,39.2393052215152,37.73143602906212,36.16050675574587,34.64432686804118,33.312722467733494,32.303681557827375,31.755956067947768,31.800399139248867,32.5518616956695,34.10156395154373,36.507713546162535,39.78132356501839,43.86572871119507,48.61215208650396,53.758489173821154,58.92202243598468,63.61677995500206,67.30148368627694,69.45512570864096,69.66685881613935,67.71905104871834,63.64068580257885,57.71437957823813,50.43265510094202,42.41352186430652,34.29666629168953,26.645671337307792,19.877639850679362,14.231572343722698,9.775006350191616,6.438947126267135,4.066575360838432,2.461848704120241,1.4283377963888955,0.7940884605753061,0.42297733604632015,0.21583705248497004,0.10550010466878122,0.049392549155302085,0.02214723151260713,0.009510363046638248,0.00391087810367611,0.001540020397658477,0.0005806351837393016,0.00020963206958175397,0.00007241955530246898,0.00002397126246351907,0.000007554936264743628,0.0000022736868546935738,5.488177962919698e-7,0,0,0,0,0,0,0,0,0,0,0,0],[0,0,0,0,0,0,0,0,0,0,0,0,0,0,0,0,0,0,0,0,0,0,0,0,0,0,0,0,0,0,0,0,0,0,0,0,0,0,0,0,0,0,0,0,0,0,0,0,0,0,0,0,0,0,0,0,0,0,0,0,0,0,0,0,0,0,0,0,0,0,0,0,0,0,0,0,0,0,0,0,0,0,2.3887152175251723e-7,8.226400837985247e-7,0.0000027111010059885865,0.000008550113297903009,0.00002580408010598091,0.00007452384152237597,0.00020596452572671641,0.0005447283257112202,0.0013786620856231998,0.0033390740150806247,0.00773899560167592,0.017164592370659294,0.03643113726906281,0.07399498795438426,0.14382097187595277,0.2675053516965737,0.47613824954758405,0.8110058883277151,1.3219203376232467,2.0619441670536007,3.0777891113167524,4.396338831845407,6.009437115045847,7.860800483081626,9.839886576735454,11.787012705492012,13.511630224259246,14.821838992356945,15.55918238397425,15.630101284563661,15.025438434336408,13.822380842580394,12.168271648750126,10.250977460396209,8.264032206944831,6.37542386638609,4.706699450914542,3.325172189113923,2.248028621466941,1.4543816168991681,0.9004038036341492,0.5333910835911363,0.3022272800078888,0.16346414016625607,0.08350442125249825,0.03798380806564781,0.009442835622112048,0.020877481130706043,0.046674281433619826,0.09992971335291752,0.20491171795385407,0.402472283683709,0.7572702911759263,1.3651134157787492,2.358071264315133,3.903873236608636,6.1955704360514945,9.428221521157935,13.762017408711335,19.275712686071728,25.919474769632135,33.48035660342831,41.57428815611329,49.67421790565931,57.17506827609563,63.48493403243877,68.1224618447003,70.79654580328636,71.44837719233765,70.24644856178028,67.53854407361688,63.776140304201824,59.432147309962815,54.931295291293566,50.6053272855325,46.675904879997006,43.26032654160007,40.391049049038934,38.039948762335115,36.14099139639939,34.60851397169357,33.35098054183458,32.28112605426558,31.323164480399335,30.417113202267707,29.52007279934436,28.6047453140748,27.65622132844402,26.668569791786656,25.642683925546056,24.586250303657177,23.51591037287168,22.46092067456943,21.466950495385927,20.5980936335118,19.934903066879926,19.566666106617156,19.57752285318169,20.028274959506874,20.938030976868475,22.271138072937216,23.934243983021307,25.785761938053334,27.656295998734535,29.375146957279664,30.796180383906755,31.81678256802332,32.38609790903572,32.50225306921721,32.201531980212195,31.544360829513835,30.60297735276536,29.453969611361977,28.17629070063821,26.85298144855673,25.573616359133297,24.434793304090263,23.537481856682025,22.981808271068086,22.8608985649438,23.25516127411958,24.227067440904396,25.814929632486553,28.0235192878697,30.81035933006519,34.06918359225224,37.61543544690202,41.181219539704564,44.42720425890856,46.975717606582535,48.463100440987496,48.60215000904881,47.23997246882917,44.39533343562621,40.26378323029653,35.187424776266845,29.5962467950332,23.935822854942483,18.59909403753082,13.87717150526832,9.93712626712135,6.8264733401116775,4.49743066138143,2.840841425441651,1.7200694325011097,0.9981128636757921,0.5549824057849999,0.295655833199738,0.150886980430887,0.07376196207821983,0.034537607181384426,0.015488129350061044,0.006651550060892591,0.002735545526270167,0.0010773026963480617,0.0004062129081922807,0.00014667140870428335,0.000050673613116739854,0.000016774506934692048,0.000005286863062595027,0.000001592268146987604,3.8454554806569416e-7,0,0,0,0,0,0,0,0,0,0,0,0],[0,0,0,0,0,0,0,0,0,0,0,0,0,0,0,0,0,0,0,0,0,0,0,0,0,0,0,0,0,0,0,0,0,0,0,0,0,0,0,0,0,0,0,0,0,0,0,0,0,0,0,0,0,0,0,0,0,0,0,0,0,0,0,0,0,0,0,0,0,0,0,0,0,0,0,0,0,0,0,0,0,0,2.861396460132018e-7,9.854248871837315e-7,0.0000032475762555041197,0.000010242017861674841,0.000030910216056945454,0.00008927069027026825,0.00024672098226836275,0.0006525196856821612,0.0016514730523664322,0.003999813161808938,0.009270395423090824,0.020561138259042298,0.043640165414227085,0.0886371866544842,0.17228040278696807,0.3204395655016498,0.5703569399120101,0.97148850603104,1.5835031932230788,2.469963642928418,3.6868249524021763,5.266290547609318,7.19859025564101,9.4163031704539,11.787012705492012,14.119438007335614,16.185324483495357,17.75479861065935,18.638048214963952,18.723000615155545,17.99868650415561,16.557566730174077,14.576140833451637,12.279450644791838,9.899326771923377,7.636998813931038,5.638065621545708,3.983160631579184,2.6928715582567895,1.7421789974946627,1.078586095261988,0.6389682126456124,0.36211779075524814,0.19604997762776477,0.10067056064409743,0.047150025467359746,0.015371143358542715,0.017587772848487757,0.03931980157784944,0.0841838910496919,0.17262416045977838,0.3390556502278341,0.6379489828991391,1.1500151468188118,1.9865122694609139,3.288736775607959,5.2193107826302505,7.942534602049549,11.593308797196737,16.237880535476577,21.834085234326402,28.202204641272672,35.018146189115335,41.837063307627716,48.14799283129456,53.45063438317492,57.33741218670663,59.56075682596148,60.06881620691776,59.001664976513126,56.65134347445624,53.39860245902067,49.64384182154376,45.74838479862367,41.99628567778635,38.579184414286296,35.600250196395834,33.089851247304296,31.02552298586101,29.351017602616754,27.992071488790323,26.86865496188346,25.9042944155416,25.03285477459461,24.20268734741495,23.377933481463305,22.53721357661066,21.6706140452696,20.776340017350517,19.858336333271406,18.92566070771091,17.99368922757349,17.086586214372435,16.23995463921398,15.502199201856454,14.932985355698028,14.597510194890669,14.556319294254912,14.85203157875557,15.495997143302656,16.458861710794377,17.668573580875012,19.017501049505338,20.377617160483233,21.620190419416083,22.635056573061824,23.344844962829477,23.711310503478526,23.733474060002067,23.43966383089881,22.87697109617038,22.10170574157422,21.17327058982505,20.152038865785737,19.100090970885464,18.082733545053003,17.16886505078828,16.42926046856406,15.933089240890348,15.743758576701797,15.91507167345374,16.4878173804059,17.48583317616565,18.91008179144431,20.729893987985058,22.8722775951393,25.21246210431558,27.570586491238842,29.719546706003584,31.40689172524024,32.389555129605085,32.47537694985331,31.561660835422277,29.66015053972845,26.900568319305687,23.510572358947275,19.776702771041542,15.996163400186415,12.431261218791755,9.276492010122865,6.643621455707645,4.564595932241528,3.0076826714732294,1.9000945316977882,1.1506241648163862,0.6677666989489464,0.37134705557084263,0.19785216937310482,0.1009851634187494,0.049372771787506986,0.02312034645254532,0.010369215872767653,0.004453613254805975,0.001831783721380646,0.0007214505379782641,0.00027205632451824844,0.00009823931566810012,0.000033943502383835253,0.000011237127572998307,0.000003541691372114932,0.0000010673936295472288,2.579193549622304e-7,0,0,0,0,0,0,0,0,0,0,0,0],[0,0,0,0,0,0,0,0,0,0,0,0,0,0,0,0,0,0,0,0,0,0,0,0,0,0,0,0,0,0,0,0,0,0,0,0,0,0,0,0,0,0,0,0,0,0,0,0,0,0,0,0,0,0,0,0,0,0,0,0,0,0,0,0,0,0,0,0,0,0,0,0,0,0,0,0,0,0,0,0,0,0,3.2800618664213416e-7,0.0000011296073926521852,0.0000037227455832817268,0.000011740579360937607,0.000035432846298605545,0.00010233233703347346,0.00028281997858735516,0.000747993145275838,0.0018931084377729588,0.004585046080700886,0.010626793923035796,0.02356954252001484,0.05002537901124025,0.10160614229558063,0.19748762095245306,0.3673247010468772,0.6538087520971622,1.1136319089987392,1.8151935643366983,2.8313565315038,4.226262981393051,6.036828186301562,8.251852449845746,10.794050171797313,13.511630224259246,16.185324483495357,18.55348127170026,20.35259310627911,21.365075432995067,21.46245764906049,20.632165472529262,18.980188166537744,16.708849812858805,14.076119252180233,11.347747402445465,8.754406784414796,6.462999553987,4.5659571942904185,3.0868799336263644,1.9970883517812361,1.2364069600282441,0.732481765392047,0.415168044511194,0.2249224903842822,0.11590281005236032,0.05533956145066542,0.020794716188666962,0.014178737767180762,0.03169844402610418,0.06786651749498672,0.139164369177527,0.27333630082609156,0.5142946857354196,0.9271057304254054,1.6014609172171148,2.6512655736824615,4.207612381743221,6.402936873747218,9.345953372265978,13.089992406759452,17.60092029882529,22.73360345046104,28.226352653517797,33.719897915378155,38.80137122823818,43.066165771327874,46.1841116831401,47.95382737403193,48.3317300480125,47.42930281034897,45.48125330866061,42.79485380044103,39.69445044479397,36.47406075447445,33.36624485658613,30.529326325864755,28.04990247075777,25.954882395455204,24.227222751635267,22.82124351780267,21.675610917496343,20.723705878780397,19.90171689208047,19.154633672791196,18.439962721645763,17.7289422833473,17.005436207623468,16.26327574453195,15.50320838423456,14.730563816569024,13.954312798024615,13.187604671655794,12.44934006898415,11.76594759582498,11.172282268445992,10.710495573438038,10.425988058269628,10.360274981501357,10.541727259908788,10.976300323144343,11.641023719053436,12.482720916001458,13.423130196152888,14.36970458413271,15.229603743212744,15.923423633181251,16.39540051632267,16.618051144694018,16.590985353175455,16.335304229386974,15.886015060626335,15.284986385444805,14.576197527420415,13.80378847178523,13.012212833960685,12.24711452956689,11.555591453612951,10.985156260246706,10.581538181826025,10.386021431376593,10.432991106539918,10.74781071456637,11.344448538728857,12.221912957832435,13.358913349706949,14.70726295544421,16.18599611912936,17.6793079299257,19.04152600361257,20.110992782487575,20.732130292678487,20.781869519770428,20.19423979708965,18.976339907862094,17.210653477904913,15.042310333656498,12.654184502236731,10.236102568590905,7.9557134173422135,5.937412553548569,4.2527565279790425,2.922278274464523,1.92577382003946,1.2167524843192672,0.7369083913388272,0.4277170616838237,0.23788231782307717,0.1267569308843158,0.06470464055981527,0.031638106140661475,0.01481700879554043,0.006645894638643348,0.002854693367808818,0.0011742450892727272,0.00046251613267443627,0.00017442665507601642,0.00006299001287542133,0.00002176581527355094,0.000007206135408870789,0.0000022712437132555977,6.849396576835755e-7,1.6558962667152334e-7,0,0,0,0,0,0,0,0,0,0,0,0],[0,0,0,0,0,0,0,0,0,0,0,0,0,0,0,0,0,0,0,0,0,0,0,0,0,0,0,0,0,0,0,0,0,0,0,0,0,0,0,0,0,0,0,0,0,0,0,0,0,0,0,0,0,0,0,0,0,0,0,0,0,0,0,0,0,0,0,0,0,0,0,0,0,0,0,0,0,0,0,0,0,0,3.5981260634100956e-7,0.0000012391442498482578,0.000004083736361126969,0.00001287905116381665,0.000038868732651959,0.0001122553976128296,0.0003102447385599197,0.0008205252647278497,0.002076681199383652,0.005029653243371772,0.011657263107259798,0.025855056611003697,0.054876288125838266,0.11145878452443878,0.2166377907149508,0.40294379630500454,0.7172079086340767,1.221619640115287,1.9912110014863922,3.105910237578918,4.636079319066799,6.622213153911957,9.052026022789207,11.840738020979522,14.821838992356945,17.75479861065935,20.35259310627911,22.326162949353584,23.436824637108106,23.54364990565706,22.6328451579765,20.820677326113245,18.329089648191875,15.441065935807108,12.448126697768952,9.60331252991399,7.089709917081587,5.008713448264342,3.386212006084402,2.190745681651506,1.3563056670769913,0.8035269238731457,0.4554766736524937,0.24687349284959298,0.1275183789233231,0.061672472566786915,0.025187562435675697,0.010938420965970395,0.024454282005973847,0.0523567258995928,0.10736058818519854,0.2108696108419886,0.3967605574658524,0.7152293941594806,1.2354689853861636,2.045350790295508,3.246002204926959,4.939579162824758,7.209922706814344,10.098119474556713,13.577731755932948,17.536609203299054,21.772560656608533,26.007943001649654,29.92354495251202,33.206281275605775,35.600259962781045,36.948794277968894,37.21694698860684,36.48966071327393,34.94747000476654,32.82766676795138,30.381628594140526,27.838207405777382,25.379467101719044,23.130407989338465,21.160413177742544,19.492099410694546,18.113189942419762,16.988296405488928,16.06912744213799,15.30283923753387,14.638689863094083,14.033035771787775,13.452460238243775,12.874825280327862,12.288382452797649,11.689559557252071,11.080357531269726,10.466257456466439,9.855192667985175,9.257670268545128,8.687711679348325,8.163998577445822,7.710453353530094,7.355464460118291,7.129164308057711,7.0586567742042154,7.161845583362915,7.441276202229728,7.879843153630196,8.440012966725206,9.067349044134055,9.697860048305932,10.267509892602037,10.721571310894307,11.021620967881988,11.148782270781687,11.103002829646499,10.899279443642087,10.562440726828065,10.122186483735094,9.609599039745117,9.055529082751882,8.490457365809995,7.944958160226905,7.44988219780728,7.035770869497735,6.731547607310011,6.562904623777013,6.550815795146582,6.710281498795674,7.048968337838374,7.565166684854622,8.244685710044036,9.056967146511626,9.95159236124534,10.85706611222206,11.683841474733283,12.332752839101717,12.708438620574768,12.735444742750978,12.373231061155666,11.625938741719121,10.543828986296601,9.215522236878298,7.752790120939786,6.271727514953278,4.874921995538394,3.638537107726504,2.606420467783682,1.7911911030933285,1.1805191896872569,0.7459637076316102,0.4518313268997172,0.26228053564914683,0.1458872223053626,0.07774476312945126,0.03968969508964356,0.019408598454016098,0.009090420909382363,0.0040776976355716464,0.0017516908992504584,0.0007205955482061106,0.0002838526101787511,0.00010705579173457806,0.00003866331754801957,0.000013360773268617858,0.000004423704055832419,0.0000013942871308837095,4.2072256765346577e-7,1.0176346810739285e-7,0,0,0,0,0,0,0,0,0,0,0,0],[0,0,0,0,0,0,0,0,0,0,0,0,0,0,0,0,0,0,0,0,0,0,0,0,0,0,0,0,0,0,0,0,0,0,0,0,0,0,0,0,0,0,0,0,0,0,0,0,0,0,0,0,0,0,0,0,0,0,0,0,0,0,0,0,0,0,0,0,0,0,0,0,0,0,0,0,0,0,0,0,0,0,3.777122372601538e-7,0.0000013007880731523274,0.000004286890370594828,0.000013519746510111975,0.00004080233908070506,0.00011783977723305559,0.00032567851218808733,0.0008613440107629452,0.0021799900505762118,0.005279863867238298,0.012237178050399767,0.027141270497272777,0.05760622389338648,0.11700353495987205,0.2274148908737512,0.422989078509992,0.7528869166249006,1.282391665042383,2.090267958859817,3.260420240677473,4.866710784615056,6.951649002556384,9.502337996363691,12.429780307577229,15.55918238397425,18.638048214963952,21.365075432995067,23.436824637108106,24.60273851429814,24.714878029335864,23.758763393853783,21.85644548169247,19.240908561717013,16.20921406730182,13.067384804900453,10.081049404212724,7.4424023703284075,5.257882465642793,3.554666586660566,2.2997301626329056,1.4237819582644597,0.8435123766660956,0.4781713622835686,0.25925555567880054,0.13413217994503157,0.06543360674420204,0.02814364213975178,0.008075362679084649,0.018053534157252027,0.03865269172362696,0.07925963344558527,0.1556757752458306,0.2929107517058468,0.5280217668347666,0.9120901343538511,1.5099856528958335,2.396361910934539,3.646626574946085,5.3226557840598625,7.454742406186424,10.023294641527324,12.945386298820873,16.07153171708918,19.196421059121416,22.083901721982446,24.502169089408564,26.261477676820988,27.245214657227063,27.426658948043595,26.86776972326771,25.70145145018299,24.103059678255473,22.258996515199303,20.339653877936115,18.48132867839757,16.778344660478957,15.283776300504687,14.015676680204216,12.965654539442742,12.107546219545455,11.40508296730565,10.81829559746546,10.308706831715227,9.843272575361059,9.396868347897497,8.953142887205209,8.503837428082663,8.047042355663544,7.5851079659246965,7.122903657005075,6.666859501201664,6.2248666867749805,5.806801934816972,5.425240069027231,5.095824337201968,4.836770865512521,4.667127048525005,4.603724159278378,4.657246530169532,4.82832181188135,5.104816248243246,5.461390218891346,5.861819205923672,6.263776825687555,6.625017322979146,6.909469175602185,7.09181842368037,7.15967048840562,7.1131312099280235,6.962371182000766,6.724193929378476,6.41870260706137,6.066869279636869,5.689304899868539,5.306017696608828,4.93663155023643,4.600507728048123,4.316441071703591,4.101928097671822,3.97224373098589,3.939588633039355,4.0123860776454805,4.194543069968069,4.4843377998367755,4.872698168787804,5.341016617589938,5.859170593878897,6.3848408347421985,6.865277778993758,7.242209015534376,7.459657744687338,7.473335120416653,7.259404471889719,6.820194978308483,6.185051724720328,5.405804216112511,4.547871062305511,3.679236639703175,2.860002598548948,2.134810583840083,1.5293772960887682,1.0511197981752725,0.6928272463738733,0.43783645369297614,0.26522408646054835,0.1539730558206079,0.08565195102284354,0.04564902706691084,0.02330651684551549,0.011398080907440678,0.0053389780833246435,0.0023951037296190006,0.0010289646968621084,0.00042331809325737903,0.00016676271168259284,0.00006289922843314955,0.000022717592000789444,0.000007850938927523136,0.000002599568971510209,8.19353561243698e-7,2.473726053346023e-7,5.986277123410265e-8,0,0,0,0,0,0,0,0,0,0,0,0],[0,0,0,0,0,0,0,0,0,0,0,0,0,0,0,0,0,0,0,0,0,0,0,0,0,0,0,0,0,0,0,0,0,0,0,0,0,0,0,0,0,0,0,0,0,0,0,0,0,0,0,0,0,0,0,0,0,0,0,0,0,0,0,0,0,0,0,0,0,0,0,0,0,0,0,0,0,0,0,0,0,0,3.7943385321300836e-7,0.000001306717077503016,0.000004306430057483712,0.00001358136964268299,0.000040988316528470014,0.0001183768920531552,0.0003271629579295146,0.0008652700249174866,0.0021899264658625244,0.005303929536724371,0.01229295522379065,0.027264980665118663,0.05786879360719305,0.11753683817977473,0.2284514500990633,0.42491706673385526,0.756318582317705,1.2882368183907664,2.099795420002779,3.2752812669976246,4.888893298439622,6.983334684514356,9.54564974290026,12.486435363879485,15.630101284563647,18.723000615155545,21.46245764906049,23.54364990565706,24.714878029335864,24.827528677344645,23.867056062303455,21.95606736709117,19.32860880507579,16.28309581845702,13.126946068537073,10.12699892282435,7.476324910782156,5.281848004267281,3.570869052255654,2.3102132170821186,1.4302743405603462,0.8473655881538719,0.48037564793961185,0.26050651306679906,0.13492906359388906,0.0662076196250459,0.02944040285864658,0.008607342418841165,0.012754395854276943,0.027307211377014088,0.05599504357358833,0.10998119486801974,0.2069343086023989,0.37303422390667096,0.6443681612434513,1.066763829729129,1.6929592699986924,2.5762217139878656,3.760251631378282,5.2664234382620325,7.080845970687271,9.144845631296484,11.352667818597286,13.559037478579882,15.596785225855927,17.30169538396458,18.539155109050835,19.226146242900935,19.343163462113335,18.93347261827209,18.090713955651108,16.938890761397722,15.610249748158857,14.226147964436612,12.884160609385376,11.652319291248764,10.569392483519762,9.649079416527771,8.88594246111705,8.261514469116578,7.749800283492321,7.321957951398731,6.950149127611437,6.610487321270779,6.284908776590605,5.961825274172066,5.6356279622799486,5.305385954588731,4.973263353062592,4.643164716331131,4.31993199267748,4.009157325148886,3.7174522811003246,3.4528759486829426,3.225169502003323,3.045461665630351,2.9252096770004763,2.874342541440929,2.8988690516918156,2.9985052428650825,3.1650459098417674,3.382125976981283,3.626682264334706,3.8719315625939315,4.091214940508162,4.261793942897168,4.367720999729826,4.4012145134877905,4.362427366806225,4.257942253733008,4.098612920625392,3.897426114505347,3.667892513349185,3.4231736219276816,3.175840554918964,2.937960049481107,2.721172005811281,2.5365474969407282,2.3942063687526702,2.302820098930029,2.2691507276886544,2.2976792281477154,2.390226539527108,2.5453785408241543,2.7575767403363813,3.0159456542515186,3.303221928890714,3.5953913845224514,3.8626785139614688,4.072281853749167,4.192734285707328,4.199146821008738,4.078107175668682,3.8308771160424104,3.4738704876840947,3.036117668486276,2.5542827304201667,2.0664838958985254,1.6064319906034257,1.1991756849230446,0.8591517496198585,0.5905302062806695,0.3892703885014033,0.24602309623718394,0.14904413697474356,0.08653356158491722,0.048140944045166785,0.025659350716478253,0.013101692485862307,0.006407912925830221,0.003001764979649263,0.0013467138583885467,0.0005786056134179231,0.00023805586970704473,0.00009378634406430533,0.00003537634982011374,0.000012777800400238443,0.000004416111766717575,0.0000014623235213046011,4.6091030411500686e-7,1.3922468251254328e-7,3.370734049583278e-8,0,0,0,0,0,0,0,0,0,0,0,0],[0,0,0,0,0,0,0,0,0,0,0,0,0,0,0,0,0,0,0,0,0,0,0,0,0,0,0,0,0,0,0,0,0,0,0,0,0,0,0,0,0,0,0,0,0,0,0,0,0,0,0,0,0,0,0,0,0,0,0,0,0,0,0,0,0,0,0,0,0,0,0,0,0,0,0,0,0,0,0,0,0,0,3.6475515401717676e-7,0.0000012561656921896051,0.00000413983239919249,0.000013055963599009671,0.000039402651032968576,0.00011379738820690695,0.0003145063997262846,0.000831796368543965,0.002105207425689421,0.005098742820868094,0.011817392512583198,0.02621021328900163,0.05563009348333025,0.11298983248310157,0.2196136247746755,0.40847881339155223,0.7270597988115648,1.2384003565410144,2.0185631707398106,3.1485744165337186,4.699762588249587,6.713178850105278,9.176368720613217,12.003387720179377,15.025438434336333,17.99868650415561,20.632165472529262,22.6328451579765,23.758763393853783,23.867056062303455,22.94374009125341,21.106679507584484,18.580866261491103,15.653171357389303,12.619119760820126,9.735227946972048,7.187097358927224,5.077515570167786,3.432727326844447,2.220841356974631,1.3749448692153834,0.8145901573351358,0.46180823836583523,0.2504741726263937,0.12983119005798185,0.06395898195373004,0.029068998077176673,0.010078785468174476,0.008622791715863817,0.018461428698267144,0.03785623893103125,0.0743543164605978,0.1399007528650148,0.25219467272598184,0.4356330196306342,0.7211974482373226,1.1445403514392871,1.7416695946952074,2.5421207310969525,3.560326914532041,4.786864464206245,6.182009193489412,7.674169405954326,9.164981994750981,10.541214177576956,11.69155370602841,12.524629980707658,12.983907295912001,13.05579293418054,12.76920972635057,12.187300915151388,11.393978503061707,10.479012649883298,9.525085305601444,8.599000187311399,7.7476615940309195,6.998115533278764,6.360252500216373,5.830735962822888,5.39711790843516,5.041610734709946,4.744349703041707,4.486109515297191,4.250399187355955,4.024797589818216,3.801425680300131,3.576602168603411,3.3499215004273015,3.1231187193178287,2.899078046766342,2.681214097000008,2.4732763220680947,2.2794733306834845,2.1047219103069192,1.9547948009854952,1.836159309825304,1.7553659964016166,1.7179696311011208,1.7271387541218415,1.7822796581122142,1.878099459171248,2.0044865235635854,2.1473909515060305,2.2905982281597637,2.418015521368447,2.5159331912596534,2.5747430704551957,2.5897731839296303,2.5611658498846794,2.4929876565371516,2.3919307437763426,2.2660033926437184,2.123516922127554,1.97250427222362,1.8205242892331945,1.6746842501513421,1.5416870796527362,1.427774181071472,1.3385404789064557,1.2786838477055238,1.2517710624829717,1.2600534947076245,1.304284577367474,1.3834385135611893,1.494253034071315,1.630628969411329,1.7830772182605592,1.9385351545227263,2.080898089339906,2.192479433549658,2.2563387895502633,2.2590843226475674,2.193493085463235,2.060222735068515,1.868067570200803,1.6325991185539288,1.3734931220122482,1.1112126954347419,0.8638602871061942,0.6448907857099407,0.4620616591369852,0.31761575979428375,0.20938390780463387,0.13234304992327023,0.080181498374362,0.046556257048274215,0.025902525084344836,0.013807234793699422,0.007050522486103365,0.0034485974020483363,0.001615599104189209,0.0007248734799439576,0.00031145719044038163,0.0001281510970409363,0.00005049049124472529,0.000019046191736801604,0.0000068797957687675165,0.0000023778376033039943,7.874223780209852e-7,2.481891791147717e-7,7.500432075865632e-8,1.81673489886525e-8,0,0,0,0,0,0,0,0,0,0,0,0],[0,0,0,0,0,0,0,0,0,0,0,0,0,0,0,0,0,0,0,0,0,0,0,0,0,0,0,0,0,0,0,0,0,0,0,0,0,0,0,0,0,0,0,0,0,0,0,0,0,0,0,0,0,0,0,0,0,0,0,0,0,0,0,0,0,0,0,0,0,0,0,0,0,0,0,0,0,0,0,0,0,0,3.3554991923548943e-7,0.000001155586951735754,0.00000380836408176455,0.000012010598021550933,0.00003624775750572179,0.00010468585296601285,0.00028932448483573746,0.0007651960533288524,0.0019366475672356752,0.00469049641355926,0.010871196909762236,0.02411161255820203,0.051175900243798075,0.1039429566562093,0.20202958956046838,0.37577271036035753,0.6688455367490265,1.1392440519126195,1.8569407490307388,2.89647419519415,4.3234617511089795,6.175667694225785,8.44163474913324,11.04229984333216,13.822380842580136,16.557566730174077,18.980188166537744,20.820677326113245,21.85644548169247,21.95606736709117,21.106679507584484,19.41670878697396,17.093132488198332,14.399852413062627,11.608731418684147,8.95574720567685,6.611640471054371,4.6709688129978515,3.1578756445163703,2.0430232733469915,1.2648568617500429,0.7493710254840377,0.4248424225742062,0.230447883417877,0.11951262903182129,0.05903462065248423,0.027224158271853958,0.010405938594155423,0.005578613115063062,0.011943829864628289,0.02449151724175102,0.04810434349610772,0.09051029203853475,0.1631599321824548,0.2818369347114136,0.4665847234559312,0.7404678344768197,1.1267793601263125,1.6446222298798043,2.3033234101139124,3.0967661085634886,3.99921498339854,4.964294290135875,5.928275376660321,6.817767572772907,7.560575444963642,8.097360610107797,8.391292785724417,8.433326798260053,8.241971882266233,7.857978297478172,7.335682627039062,6.733388459223082,6.104984007244778,5.494209896972376,4.93198023136431,4.436317825417136,4.014021123624211,3.6631549026245054,3.3757039529369988,3.140044459075183,2.943112979974998,2.7722315810990232,2.6165235049532956,2.467819099702165,2.3209797818776265,2.1736704895087398,2.0257390155517614,1.8784441653984492,1.7337706376972215,1.5939851088149912,1.4614707603463466,1.3387762582980038,1.2287562807316543,1.1346638830841977,1.060070154349088,1.0085297710899264,0.9829831790980508,0.9849846477121297,1.0139395719795479,1.0665893663348747,1.136956049550954,1.2168494081623442,1.296877360504586,1.3677464130955934,1.421549966215569,1.452751510611725,1.45866826810117,1.439409998090083,1.3973749041447272,1.336502359582576,1.2615070618001007,1.177271812133922,1.0884826097500166,0.999488580384204,0.9142990135632322,0.8366108277453499,0.7697911905120637,0.7167960043873614,0.6800526307708893,0.6613491135827417,0.6617491260458688,0.6815100870817046,0.719953386955921,0.7752457272061186,0.8441058337405328,0.9215318018190513,1.000712860485865,1.073302940979568,1.130167041229583,1.162571223467971,1.1636161466969488,1.12957851296697,1.0607877979782285,0.9617569320785645,0.8404840074848098,0.7070791283912087,0.5720598597967688,0.4447326414111325,0.3320161794899493,0.23790046487840158,0.16353965296899806,0.1078182687756888,0.06815218084471711,0.04129364807666094,0.023978279083530857,0.013341754307355945,0.007112268484417389,0.0036320583480203366,0.0017766562380532606,0.0008323827915521401,0.00037349034109329627,0.00016048787068869016,0.00006603769133380458,0.000026019791741376988,0.000009815801160490839,0.000003545812760560497,0.0000012255847516826487,4.058725201235234e-7,1.2792815640450992e-7,3.8677496578154324e-8,9.37248438958689e-9,0,0,0,0,0,0,0,0,0,0,0,0],[0,0,0,0,0,0,0,0,0,0,0,0,0,0,0,0,0,0,0,0,0,0,0,0,0,0,0,0,0,0,0,0,0,0,0,0,0,0,0,0,0,0,0,0,0,0,0,0,0,0,0,0,0,0,0,0,0,0,0,0,0,0,0,0,0,0,0,0,0,0,0,0,0,0,0,0,0,0,0,0,0,0,2.9539502749015353e-7,0.0000010172991254266442,0.00000335262131842696,0.000010573302895833234,0.000031910028019838726,0.00009215821146725756,0.0002547013402546738,0.0006736258787468269,0.0017048910715452632,0.004129189839123233,0.009570252668594428,0.021226202261319715,0.04505173624774699,0.09150421674612437,0.17785292959691176,0.33080440120459803,0.5888055230792272,1.002911962546313,1.6347226810761368,2.549856296980454,3.806077813194679,5.436632297400755,7.431433553801636,9.720879901289598,12.168271648749307,14.576140833451637,16.708849812858805,18.329089648191875,19.240908561717013,19.32860880507579,18.580866261491103,17.093132488198332,15.047616023118815,12.676637828142551,10.21952722969192,7.88402273510658,5.820432688977834,4.111999100673166,2.779976186851151,1.7985371297832307,1.1134935192345772,0.6596967358727636,0.37400818911312783,0.2028877340185997,0.10525694646645284,0.052088499299149695,0.024256858308886665,0.009843131362184355,0.0034537821039103286,0.007394558603300121,0.015162969645922146,0.02978192410166734,0.05603588599427525,0.10101398382837774,0.17448794171772208,0.28886656667257926,0.45842867036504736,0.6975937245138044,1.0181853491085449,1.4259716188244371,1.917153688969478,2.475777589784251,3.0730968093791096,3.669601999844283,4.219777118345639,4.6788180998353015,5.00985450703626,5.189933908894184,5.213307541367193,5.091314657243892,4.84912454316514,4.520406809948232,4.141392243805639,3.745679470373799,3.36065943286572,3.005811294911357,2.6926085196347493,2.4255027046652784,2.2034354575496264,2.021475673021937,1.8723672123341126,1.7479050383783339,1.6401037225128425,1.542108198471908,1.4487783899565514,1.3569003666208497,1.265043134115025,1.1731612846433557,1.0820966371726801,0.9931300519209576,0.9076827153173682,0.8271926654840203,0.7531287101816247,0.6870674757600823,0.6307503504263617,0.586048202325082,0.5547883292749425,0.5384388992859855,0.5376997219976459,0.5520982542291569,0.5797189773524942,0.6171800102197632,0.6599124295931738,0.7027107472394445,0.7404403561950952,0.7687393164828811,0.7845561161634709,0.7864171790818447,0.7743975614830292,0.7498475628514033,0.7149814619537881,0.6724496621591175,0.6249919918344137,0.5752211719184708,0.5255314690767156,0.4780887583912778,0.4348457771660559,0.3975406961726727,0.36766540273401366,0.3464152153375631,0.3346405333037026,0.3328108131489204,0.3409808313356897,0.3587345094001996,0.3850855959083303,0.4183410410525776,0.45597266059715846,0.4945768438640864,0.5300094534968672,0.5577510904311415,0.5734893687947412,0.5738208225541542,0.5569081470287546,0.5229098425453297,0.4740437961701075,0.4142436499869405,0.34848332363739154,0.2819383183183962,0.21918901347436132,0.16364118912121298,0.11725924788814492,0.08061147406689548,0.05314845480152057,0.033597290643919926,0.020357996452531113,0.011822182249103589,0.006578405122506729,0.0035070643249392316,0.0017910840132603855,0.0008761804459010183,0.0004105249747062052,0.00018421348967814368,0.00007916058166769019,0.00003257485419140549,0.000012835634166547419,0.0000048424039073971715,0.0000017493316962424049,6.046708050084897e-7,2.0025561836484635e-7,6.311926664913447e-8,1.909101929184317e-8,4.628185253796087e-9,0,0,0,0,0,0,0,0,0,0,0,0],[0,0,0,0,0,0,0,0,0,0,0,0,0,0,0,0,0,0,0,0,0,0,0,0,0,0,0,0,0,0,0,0,0,0,0,0,0,0,0,0,0,0,0,0,0,0,0,0,0,0,0,0,0,0,0,0,0,0,0,0,0,0,0,0,0,0,0,0,0,0,0,0,0,0,0,0,0,0,0,0,0,0,2.4885109867063026e-7,8.570083497682815e-7,0.000002824365411990347,0.000008907320020114986,0.00002688212323280275,0.00007763729934794441,0.00021456931382289593,0.0005674859913635607,0.0014362598445633245,0.003478573883982077,0.008062315440345816,0.017881694889093875,0.037953157700479544,0.07708635133009313,0.1498295259335634,0.27868119305964956,0.4960303582851769,0.8448881007581847,1.377147539225772,2.148088091892341,3.2063730167935045,4.580009121248676,6.260499441287864,8.189209087352676,10.250977460393695,12.279450644791838,14.076119252180233,15.441065935807108,16.20921406730182,16.28309581845702,15.653171357389303,14.399852413062627,12.676637828142551,10.679242903261438,8.609287030358093,6.641776390907235,4.9033359894281325,3.464091813925946,2.341949170741379,1.5151506832304562,0.9380462715265676,0.5557528197875078,0.31508115143073345,0.1709297040770969,0.08869882295986875,0.0439495018960683,0.020602317435101786,0.008685359391395918,0.002236539285066987,0.0043809797659570045,0.008983450710472518,0.01764458980394726,0.03319899074241874,0.05984665155938481,0.1033768576653874,0.1711411596252796,0.2715987842481522,0.41329181657417774,0.6032234537997065,0.8448074464004083,1.1357864011922736,1.466696362698238,1.820486461134782,2.17371824641407,2.4993804642726323,2.770867801110351,2.9662603822157747,3.0718745548657,3.0842200658106425,3.009946965166276,2.8639333168658236,2.666143766456234,2.4381201307331417,2.199902552594594,1.9678961799469876,1.7538359049516483,1.5647003703553641,1.4032676558356765,1.268993904399237,1.158979937745808,1.06889773370855,0.9938239216426227,0.9289531010988621,0.870156069835096,0.814339093716271,0.7595748482782995,0.7050165616724287,0.6506559043230297,0.5970170845401346,0.5448787649364231,0.4950846111210535,0.4484592861732528,0.4058085030157006,0.36796010330996515,0.3357984225560118,0.31025159285850057,0.2922071081262608,0.28235324419685437,0.2809719588435244,0.287734404257443,0.301565055532449,0.32063299003610785,0.3424989581828367,0.36440221296851266,0.3836285628129887,0.39787592250469145,0.4055354673497244,0.4058328969988542,0.39881503575866256,0.3852078540814386,0.3661999694944434,0.3432142904863183,0.317719338658328,0.2911074900415096,0.26463980446495455,0.23943664687120964,0.21648577419142578,0.19664565859065355,0.18063541782580814,0.16901556518979044,0.16216893060741683,0.16028701668667694,0.16335756437280818,0.17114192051434196,0.18313226176156963,0.198490916134085,0.21599268955928771,0.23400738455999975,0.250563499184281,0.2635193528670851,0.270835807708875,0.27090521732524037,0.26285960906606226,0.2467721349008119,0.22368656707268947,0.19545530900723607,0.16442122060531367,0.13302252425236513,0.10341738310107107,0.0772107124824261,0.05532827317161389,0.0380378182286645,0.025080185535365125,0.01585504831703197,0.00960777380726209,0.005579695791577944,0.003104980960903033,0.001655417429564441,0.0008454832097414481,0.0004136256014309164,0.0001938106837997667,0.00008697274572722602,0.000037376067319839586,0.000015381164568685408,0.000006061015045869798,0.000002286700408238784,8.261142133529617e-7,2.8556484136491287e-7,9.457767046036137e-8,2.9810275873182924e-8,9.019765959007861e-9,2.1875419159856945e-9,0,0,0,0,0,0,0,0,0,0,0,0],[0,0,0,0,0,0,0,0,0,0,0,0,0,0,0,0,0,0,0,0,0,0,0,0,0,0,0,0,0,0,0,0,0,0,0,0,0,0,0,0,0,0,0,0,0,0,0,0,0,0,0,0,0,0,0,0,0,0,0,0,0,0,0,0,0,0,0,0,0,0,0,0,0,0,0,0,0,0,0,0,0,0,2.0061633167095773e-7,6.90894564100166e-7,0.0000022769191346902026,0.0000071808156644704396,0.000021671565764832982,0.00006258887454878958,0.0001729793794693184,0.0004574902761940296,0.0011578698381555527,0.002804322487539186,0.006499598181630188,0.014415688947620138,0.030596703465943686,0.06214471669345737,0.12078809388169143,0.22466446383389507,0.3998848765715642,0.6811235809366116,1.1102152611141671,1.7317245348869705,2.584882269092319,3.6922667162525085,5.047027877508352,6.6018960541766845,8.264032206937438,9.899326771923377,11.347747402445465,12.448126697768952,13.067384804900453,13.126946068537073,12.619119760820126,11.608731418684147,10.21952722969192,8.609287030358093,6.9405503594693885,5.354401979499239,3.9529231914351786,2.792647479742983,1.888009574323476,1.2214693480037564,0.7562251410206011,0.44803202102557954,0.2540110018488687,0.13780394508151486,0.07152108829185347,0.035468502288301194,0.016701401515487723,0.007218723226732688,0.0022902215132058474,0.0024838226593804466,0.00509322029773454,0.01000370170615009,0.018822351519985916,0.03393036927371392,0.05860998711373011,0.09702911804801503,0.1539835558032455,0.23431581216390288,0.3419954020072906,0.4789558169125312,0.6439135630370009,0.8314965555724682,1.032027006741815,1.2321996670807165,1.4166760265730016,1.5703391117141436,1.680720294073439,1.7400152933785622,1.7461995409250206,1.7030064501277737,1.6188529753906726,1.5050673732341227,1.373904600703892,1.2367997126839814,1.1031503140074956,0.9797157810971818,0.8705521270064791,0.7773123539019832,0.6997353120599291,0.6361917707123695,0.5842146269570895,0.5409809683576153,0.5037274649245731,0.4700765559251864,0.4382468482585644,0.4071304503657485,0.3762439297470973,0.345587818748113,0.3154679439252044,0.2863315336340498,0.2586535987543669,0.23288395234213682,0.20944331913776476,0.18874463342218536,0.17121318885805759,0.15728384561491404,0.14736234731561915,0.14174952250079062,0.14054126165916406,0.14352961630672784,0.15013760275373936,0.15941653221693106,0.17012003169309287,0.1808469662354073,0.19022455570015315,0.19709044526660743,0.20063321533432044,0.20046360880407116,0.1966086702471901,0.18944113942904453,0.17957043186314398,0.16772618512596102,0.15466034333530043,0.1410821676330797,0.1276270884768593,0.11485000144278687,0.10322935915831362,0.09317079448812751,0.08500524160722327,0.07898273712320489,0.07526589288421152,0.07392554258173695,0.07493688509899987,0.07817111187564897,0.08337797624117034,0.09016011134280018,0.09794828321009331,0.1059941843677212,0.11339922496839656,0.11919127187609475,0.12244691041093829,0.1224389945483805,0.11877494479198757,0.11148712431097042,0.10104588674319429,0.08828643091516616,0.07426529520900045,0.06008216489275043,0.04671051623016736,0.034874331490349214,0.02499122778747455,0.017181929422838516,0.011329367346538837,0.007162473196575936,0.004340502948725013,0.0025208701733524202,0.0014028847900032237,0.0007479866079688337,0.0003820448996279851,0.0001869130605539416,0.00008758552312824229,0.00003930606987080088,0.000016892394943110046,0.000006951961473678696,0.0000027395755888812924,0.0000010336321557959552,3.7343513072313517e-7,1.2909109064211223e-7,4.2756008066823917e-8,1.3476407928417086e-8,4.078998730432191e-9,9.89665721303066e-10,0,0,0,0,0,0,0,0,0,0,0,0],[0,0,0,0,0,0,0,0,0,0,0,0,0,0,0,0,0,0,0,0,0,0,0,0,0,0,0,0,0,0,0,0,0,0,0,0,0,0,0,0,0,0,0,0,0,0,0,0,0,0,0,0,0,0,0,0,0,0,0,0,0,0,0,0,0,0,0,0,0,0,0,0,0,0,0,0,0,0,0,0,0,0,1.5476877593046882e-7,5.330019998480368e-7,0.0000017565667980942331,0.000005539758609459796,0.00001671888663292419,0.00004828521895550234,0.0001334477936003161,0.0003529384146190735,0.0008932577724133869,0.0021634408081122264,0.005014222153462042,0.011121220859909365,0.023604331230113705,0.04794256605672209,0.09318396603774709,0.17332110388538566,0.3084977795406827,0.5254640138263352,0.8564938634397326,1.3359674373510464,1.9941500344446064,2.848460019797769,3.893612848878538,5.0931415334668575,6.375423866365285,7.636998813931038,8.754406784414796,9.60331252991399,10.081049404212724,10.12699892282435,9.735227946972048,8.95574720567685,7.88402273510658,6.641776390907235,5.354401979499239,4.130741666465941,3.0495477541131333,2.1544339335883618,1.456536118410708,0.9423226993572335,0.583402467911856,0.3456420466250891,0.19596202106743046,0.10631404385760253,0.0551839193540667,0.027382701721425675,0.012933403245057724,0.005683506491665444,0.002023939852102286,0.0013475977187841998,0.002763325730082153,0.0054275052534019895,0.0102120571861579,0.01840889357923571,0.03179876950040116,0.05264293767239898,0.08354324360119347,0.12712674524456413,0.18554658866764626,0.2598507746744556,0.3493410480933223,0.4510994419514635,0.5598697206202179,0.6684244622416594,0.7684291342051208,0.8516649264056059,0.9113456870517604,0.943213193358062,0.9461452684233492,0.9221483427356938,0.8757795807957778,0.8131899404837883,0.741050082485289,0.6656022410997287,0.5919955005332156,0.523952704203975,0.46372665335710644,0.41225546079011044,0.36942295703233097,0.33435388850640774,0.3057040247567776,0.28192645529781807,0.2615024382064551,0.2431231978727797,0.22580741614401403,0.20894476649460036,0.19226921744629522,0.17578134650111896,0.15964896703835707,0.144115272469414,0.1294342494566244,0.115839409906551,0.10353988201374789,0.09273113978274751,0.08360640877518355,0.07635739158230094,0.07115773483696256,0.06812861027957211,0.06729262849199413,0.0685281354168875,0.07153931070380733,0.07585566352945612,0.08086763793664246,0.08589471044570635,0.09027251185546485,0.09343953706516986,0.09500426865338397,0.09477947053091497,0.09277972982576088,0.08918783229552553,0.0843022474807655,0.07848037745343002,0.07209008192014497,0.0654767086611648,0.05894655959303969,0.05276275571250239,0.047147213430247845,0.042283281320674736,0.038316304122231935,0.03535225290517666,0.03345600442017458,0.032650385894639866,0.03291535950112875,0.034185250412109194,0.03634204727201558,0.03920504753451758,0.04252071746633607,0.045959868979681254,0.04913011125651975,0.05160878553765975,0.05299542350711493,0.052975090278480186,0.05137777829494539,0.04821720129129159,0.04369629830290941,0.03817559854591285,0.03211124755688678,0.025978064857253947,0.020196407262069668,0.015078911522924331,0.010805908253462806,0.007429488826102313,0.004899014937914987,0.003097306852440478,0.00187707143691553,0.0010902137767077398,0.0006067421456873672,0.00032351704978293125,0.00016524903666224268,0.00008085095492422125,0.00003788771918523267,0.000017003797563981997,0.0000073079765903304785,0.000003007684739191091,0.0000011852954970238325,4.472258162095579e-7,1.6158205133000395e-7,5.585852146552655e-8,1.8501469805782842e-8,5.831528081002823e-9,1.765634601800984e-9,4.285525478762653e-10,0,0,0,0,0,0,0,0,0,0,0,0],[0,0,0,0,0,0,0,0,0,0,0,0,0,0,0,0,0,0,0,0,0,0,0,0,0,0,0,0,0,0,0,0,0,0,0,0,0,0,0,0,0,0,0,0,0,0,0,0,0,0,0,0,0,0,0,0,0,0,0,0,0,0,0,0,0,0,0,0,0,0,0,0,0,0,0,0,0,0,0,0,0,0,1.142590873879061e-7,3.9349230303356516e-7,0.000001296797225923089,0.000004089763967316898,0.000012342830246832208,0.000035646886906048295,0.00009851872911078659,0.00026055915294327225,0.0006594535445829233,0.0015971746940979378,0.003701783152127447,0.008210315927441775,0.017426055924654384,0.035393921104192816,0.06879368822715232,0.12795546799378738,0.22775055588311843,0.387927334270296,0.6323123420833391,0.98628692547306,1.4721946444324583,2.102894723863738,2.874485813304849,3.7600459139950013,4.706699450858486,5.638065621545708,6.462999553987,7.089709917081587,7.4424023703284075,7.476324910782156,7.187097358927224,6.611640471054371,5.820432688977834,4.9033359894281325,3.9529231914351786,3.0495477541131333,2.251349093097087,1.5905253099130938,1.0752975690503737,0.6956760747802908,0.4307008464424416,0.2551727422400864,0.14467080745297412,0.07848853483488114,0.040743846417014125,0.02022555484495769,0.009572871576130055,0.004253773265055037,0.0016240932784562078,0.0006996652335929488,0.00143470313757656,0.0028179294995303063,0.0053020394539778325,0.009557782818196107,0.016509707955458898,0.02733182082524304,0.043374929548581125,0.06600286562256841,0.0963332752150852,0.1349097702887137,0.18136887876710833,0.23419394752468115,0.2906532093624989,0.34698992434487813,0.3988705766212849,0.44201951098720105,0.4729028134701879,0.4892977096484492,0.4906097752191923,0.4778712371875841,0.45344346441884753,0.42052241370228083,0.38258229524754944,0.34288306831129406,0.30412327870189426,0.2682635933814597,0.23649987438460207,0.20934007345721564,0.18673703405410427,0.1682411962190628,0.15315237368772294,0.14066028776404463,0.12996703913694685,0.12038379372491223,0.11139337521052349,0.10267363901140353,0.09408362019984738,0.0856225821217424,0.07737735400721488,0.06947332876480125,0.06203960273549866,0.05519160473223157,0.049028275078018546,0.043637310128693194,0.039101364400299016,0.03549950749557922,0.03290070154435662,0.031348976806484644,0.030843182276140944,0.03131680726404492,0.032624870990886144,0.03454402588499444,0.03678892310933951,0.03904323525915952,0.04099929175800682,0.04239756274932498,0.043057310086773944,0.04289235458631271,0.04191008388366542,0.04019611798860523,0.03789010982570147,0.03515931330588753,0.03217568203095419,0.0290999565926763,0.026073380478397117,0.023215398648487862,0.02062456864716275,0.018380164986069772,0.016543085025756174,0.015155931802670568,0.014242850041897936,0.01380958229733706,0.013843526673820362,0.014312962887394691,0.015164634325789657,0.01631977319570498,0.017670132344403646,0.01907693370069711,0.020376018977288322,0.021391375704027802,0.02195667798443164,0.021941311244302833,0.02127478272142055,0.019962654465207477,0.018088757197346126,0.015802086041994692,0.013291174987249556,0.010752290112337665,0.00835919389627162,0.006241122559869696,0.004472613097128757,0.003075176649508601,0.002027840483980123,0.0012821097891085732,0.0007770325430377339,0.0004513240616594649,0.00025118864852890046,0.00013394063410332254,0.00006841849437036492,0.00003347642011966496,0.00001568813560894748,0.000007041050189659816,0.0000030262641275323565,0.0000012455456747297871,4.908751818743711e-7,1.852198791092418e-7,6.692213437080694e-8,2.3135569206084887e-8,7.663230348819685e-9,2.4153870936224017e-9,7.315329952533275e-10,1.7762333397436076e-10,0,0,0,0,0,0,0,0,0,0,0,0],[0,0,0,0,0,0,0,0,0,0,0,0,0,0,0,0,0,0,0,0,0,0,0,0,0,0,0,0,0,0,0,0,0,0,0,0,0,0,0,0,0,0,0,0,0,0,0,0,0,0,0,0,0,0,0,0,0,0,0,0,0,0,0,0,0,0,0,0,0,0,0,0,0,0,0,0,0,0,0,0,0,0,8.072136448717745e-8,2.7799307995727165e-7,9.1615681459379e-7,0.0000028893222886642144,0.00000871991998129115,0.000025183689250093434,0.000069601170665459,0.0001840789283026437,0.0004658884571160448,0.0011283664483882532,0.0026152229455580125,0.00580039557189785,0.01231109965977938,0.02500497484617872,0.04860112669155577,0.09039753604007027,0.16090042423657788,0.2740615600915948,0.4467138343383277,0.6967885725339221,1.0400709755877198,1.4856457841893544,2.0307567857710653,2.6563842198536247,3.325172733215415,3.9831610810466143,4.565957549675526,5.008713717292205,5.257882660623245,5.281848139561489,5.0775156600471565,4.67096887016305,4.111999135482228,3.4640918342186398,2.7926474910688532,2.1544339396401746,1.5905253130089367,1.1236688151408085,0.7596725066346617,0.4914788338998304,0.3042800718538499,0.1802736438211396,0.1022067885385385,0.05545102540303466,0.028786485169892597,0.014293769469714697,0.006774970518947877,0.003033208388224189,0.0012102227269951147,0.0003476247312618212,0.0007128240803740258,0.0014000719212998098,0.0026342866445341687,0.004748724747290081,0.008202738239554684,0.013579614023870413,0.021550467081804428,0.032792851230916735,0.047861941300029645,0.06702758809641686,0.0901087547443895,0.11635111098546679,0.14439608192644404,0.17237510672886924,0.19813211997469207,0.21953874764443543,0.23483415352153955,0.24290829347808404,0.24346022362983558,0.23699828550448218,0.22469348923360294,0.20813488562496618,0.18905378937069553,0.16907897210871978,0.14956321364291236,0.1314939584973254,0.11547795718343774,0.10177768699879873,0.09037619173220512,0.08105267295303077,0.07345842173460039,0.06718768282608216,0.06183969985707017,0.057067799843758024,0.05261121838275635,0.04830707516994339,0.044083521730762604,0.0399391537034766,0.03591640524521301,0.03207664863509219,0.02848230511775753,0.02518772500717822,0.022237451492611828,0.01966870288858137,0.017514601177539654,0.015805389775766905,0.014566103004637001,0.013810522590352184,0.013532697583344867,0.013698433210398132,0.014239794440717162,0.015055287176229028,0.016017044632581974,0.01698433865573711,0.017820821045700288,0.01841171364427879,0.018677186842578995,0.018579282485965472,0.018121526654500213,0.0173422325738662,0.016303832454259263,0.015081110680875977,0.013750876099500065,0.0123846492378269,0.011044733897147213,0.009783037030142487,0.008641469701705689,0.0076528168438810065,0.006841408022269755,0.006223455387239136,0.0058072469814901455,0.005593378103674844,0.005574949758801839,0.005737419719449251,0.006057788631928401,0.006503148153265782,0.007029197443122335,0.0075798703868489616,0.008089372682124197,0.008487496818688949,0.008708086490645198,0.00869926916969929,0.008433056915625469,0.007911607445355734,0.007168073078599537,0.006261402017090506,0.005266193350932187,0.004260109385586966,0.0033119096282927963,0.0024727335483428654,0.0017720717983354993,0.0012184259705876443,0.0008034794730574131,0.0005080193194463405,0.00030790004212699395,0.00017884450655019073,0.00009954154468614303,0.00005308041906750686,0.00002711522866978494,0.000013267725811905583,0.000006217937385061987,0.000002790806193305859,0.0000011995432066247393,4.937249968694762e-7,1.9458637371700833e-7,7.342502545349609e-8,2.6530238345716094e-8,9.17201174727974e-9,3.038157166646449e-9,9.57598478731944e-10,2.9010135731375724e-10,7.046498634545705e-11,0,0,0,0,0,0,0,0,0,0,0,0],[0,0,0,0,0,0,0,0,0,0,0,0,0,0,0,0,0,0,0,0,0,0,0,0,0,0,0,0,0,0,0,0,0,0,0,0,0,0,0,0,0,0,0,0,0,0,0,0,0,0,0,0,0,0,0,0,0,0,0,0,0,0,0,0,0,0,0,0,0,0,0,0,0,0,0,0,0,0,0,0,0,0,5.457284289666857e-8,1.879412318566444e-7,6.193810304021983e-7,0.0000019533680127788635,0.000005895227691376776,0.00001702579640142476,0.000047054875450645964,0.00012444921488465616,0.00031497061204415253,0.0007628484145302836,0.0017680591978889556,0.003921441099202425,0.008323096517094924,0.016904973950637735,0.032857492788798175,0.06111455825730454,0.1087790528524203,0.18528327113784643,0.30200733171435284,0.4710739658907564,0.7031549864490975,1.0043922633832967,1.37292241942755,1.7958868711428975,2.2480309931192703,2.6928735073923664,3.0868814670604805,3.38621316109688,3.5546674195886787,3.5708696273356515,3.4327277069894713,3.1578758851026567,2.7799763326294706,2.341949255311183,1.8880096212953206,1.4565361433887973,1.0752975817672166,0.7596725121224335,0.5135875579611731,0.33227135963072874,0.20571294539446977,0.12187663845361559,0.06909849330254507,0.03748879855637235,0.019462406664232303,0.009665777177211024,0.004585862319538043,0.0020636271909511166,0.0008472903276691235,0.0002433053639901247,0.0003389167426670375,0.0006656729646047479,0.0012524876787405293,0.0022578090199037826,0.0039000367402325996,0.006456493179549255,0.010246252240802715,0.015591434764637157,0.02275594696307371,0.03186798205804035,0.042841261151115854,0.055316773775788426,0.06864797994873846,0.08194552962946665,0.09418295069227238,0.10434645646344233,0.11159655711193948,0.11540289491583985,0.11561983329751,0.11248701344796973,0.10656019056951638,0.09859542018073905,0.08941822877466596,0.07980717169324503,0.07041093094296383,0.06170508149056717,0.053983891541636256,0.04737682987740741,0.04187887391173414,0.03738631725808527,0.03373309755269669,0.030724944943690873,0.028169404737047016,0.025899631204767973,0.023789836501854515,0.021761147873674405,0.01977837550900474,0.017840138090774473,0.0159660431329377,0.014184627112768265,0.012524618272762258,0.011010399405993665,0.00966104631710323,0.008491462870021555,0.007513986110785382,0.0067391794485865955,0.006175107976445069,0.0058250132007649945,0.005683930330900022,0.005735258798369586,0.005948558224865608,0.006279676188792122,0.006673762311568423,0.007070893417454261,0.007413244187643693,0.00765224238477544,0.0077541503908444345,0.00770296801648144,0.007500285494875571,0.007162482445806751,0.006716228544675221,0.006193476195542359,0.0056270136490933,0.005047263089175416,0.004480513967065601,0.003948359083013177,0.003467863048199123,0.0030519938922324353,0.002710014926883344,0.0024477488609973247,0.0022677665379707158,0.002169566864990529,0.002149726723071553,0.0022019083759932875,0.0023166067857261973,0.002480645359304662,0.002676645926100171,0.002882902727563563,0.0030741523916748667,0.003223571875968886,0.0033059611158646387,0.0033015931332512505,0.0031998274922452807,0.0030014643106678765,0.002719054541426274,0.0023749248094707374,0.0019973320682732214,0.0016156945039832533,0.0012560581840909686,0.0009377940822530894,0.0006720709669783346,0.00046210461830017876,0.00030473764269879834,0.0001926831843341085,0.00011678502241833195,0.00006783719945505517,0.0000377582895509075,0.00002013531112491675,0.000010286166267056988,0.000005033302605898495,0.0000023589517531208856,0.0000010588106841991785,4.551139201702406e-7,1.8732880073495266e-7,7.383234058169596e-8,2.7860725835198744e-8,1.006707558225583e-8,3.480477795518475e-9,1.1529157005539278e-9,3.6338649912418804e-10,1.1011471073980851e-10,2.675600356943103e-11,0,0,0,0,0,0,0,0,0,0,0,0],[0,0,0,0,0,0,0,0,0,0,0,0,0,0,0,0,0,0,0,0,0,0,0,0,0,0,0,0,0,0,0,0,0,0,0,0,0,0,0,0,0,0,0,0,0,0,0,0,0,0,0,0,0,0,0,0,0,0,0,0,0,0,0,0,0,0,0,0,0,0,0,0,0,0,0,0,0,0,0,0,0,0,3.530652725967487e-8,1.2159073769214497e-7,4.0071566869674073e-7,0.0000012637538623732571,0.0000038139852377067625,0.00001101503445409239,0.000030442691907118054,0.0000805138483639166,0.00020377385362147199,0.0004935335399992005,0.0011438661970603677,0.0025370213409690394,0.005384722848727633,0.010936866982400095,0.021257532194700578,0.03953876511729656,0.07037585712893153,0.11987113948922418,0.1953871105814306,0.30476671060617216,0.4549141913652589,0.6498031061657144,0.8882279216920999,1.1618696297599223,1.454389460513233,1.7421854323335706,1.997093405423613,2.1907494814904482,2.2997328980353835,2.3102151023539053,2.2208426009864897,2.0430240592588333,1.7985376051432473,1.5151509585084637,1.2214695006270344,0.9423227803731908,0.6956761159540797,0.4914788536149115,0.33227136767126647,0.2149667727769331,0.13308835779552214,0.07884950876348115,0.04470411672151471,0.024253956633301172,0.01259182205766298,0.006254392844640146,0.00296933800644715,0.0013408471595906127,0.0005610676083438232,0.00018508764842407616,0.00015420342916936191,0.0003028738949748941,0.0005698679741286972,0.0010272775010722874,0.0017744710792338585,0.0029376251222290105,0.004661909565505866,0.007093874377369834,0.010353569981474468,0.01449927541318244,0.019491645993231985,0.025167179405828764,0.03123144709975068,0.037279399168758776,0.042843411082932034,0.0474614208091249,0.050750472986256394,0.05246813729114014,0.05254704020060992,0.05109532239957255,0.04836540805282432,0.044701527305349334,0.04048031751918118,0.03605782388525894,0.03173159187628479,0.02772066938209804,0.024161486829768104,0.021115016538123692,0.01858033564378876,0.016510857892206795,0.014830955570945688,0.013451687578546609,0.012284678142267351,0.011253133046990627,0.010299001524686616,0.009385711920229606,0.008496717723740771,0.00763097781699167,0.006797062953077747,0.0060075858965591,0.0052751366575026284,0.004610139174772165,0.004020360553514846,0.0035114113350348647,0.0030875065365269985,0.0027519146345513015,0.0025067818483527566,0.002352291280278441,0.0022853786000492297,0.0022984120057875216,0.002378346565937272,0.0025067938256538008,0.0026612289310726372,0.0028172290036901646,0.0029513242446963426,0.0030438452314334756,0.0030811486294426834,0.0030567795683482833,0.002971416992972649,0.002831751713979186,0.0026486709163026216,0.0024352210812122062,0.0022047794377185203,0.0019697175022249575,0.0017406464946363048,0.001526164486661226,0.0013329239828164842,0.0011658307591173663,0.0010282437828859701,0.0009221286394057707,0.0008481750464971423,0.0008059008715440209,0.0007937369173336116,0.0008090544405131495,0.0008480942416591557,0.0009058002702440042,0.000975638558920714,0.001049556474092579,0.0011182607351898723,0.001171935779337141,0.0012013887478760342,0.001199435695490958,0.0011622029758849208,0.0010899740142193697,0.0009872973557830463,0.0008622680171369187,0.0007251320367520238,0.0005865567191294885,0.000455986547642209,0.00034044521363659093,0.0002439815743682667,0.00016775983529377535,0.00011063240876145301,0.00006995371403432091,0.00004240005040612445,0.00002462977937594632,0.000013709419861489097,0.00000731104984702761,0.000003734993331860209,0.0000018276974059350897,8.566140809479878e-7,3.845025120649335e-7,1.6527814246923067e-7,6.803211577793098e-8,2.6814505873917482e-8,1.0118793226672128e-8,3.656390299590217e-9,1.2641519877928518e-9,4.18764826417545e-10,1.3198943503268885e-10,4.000531677334278e-11,9.723907114649352e-12,0,0,0,0,0,0,0,0,0,0,0,0],[0,0,0,0,0,0,0,0,0,0,0,0,0,0,0,0,0,0,0,0,0,0,0,0,0,0,0,0,0,0,0,0,0,0,0,0,0,0,0,0,0,0,0,0,0,0,0,0,0,0,0,0,0,0,0,0,0,0,0,0,0,0,0,0,0,0,0,0,0,0,0,0,0,0,0,0,0,0,0,0,0,0,2.185867169021499e-8,7.527820553507849e-8,2.4808761787147364e-7,7.824043574630668e-7,0.000002361281542338987,0.000006819532830786522,0.000018847416027916263,0.00004984703720529031,0.00012615870523321175,0.000305552215305911,0.0007081805433647071,0.0015706987026914466,0.003333743022287293,0.006771138462005697,0.013160779415392869,0.024478898175936646,0.0435704917842707,0.07421358277339263,0.12096637744310865,0.1886845290744814,0.28164253830849345,0.40230047709000044,0.5499119860628411,0.7193266728546471,0.9004290196327986,1.078606771738488,1.236423190612326,1.35631786494341,1.4237907348864864,1.4302803865337035,1.3749488567246289,1.264859379629638,1.1134950414178422,0.9380471525722115,0.7562256292567224,0.5834027269488485,0.43070097802375107,0.3042801357089408,0.2057129746377549,0.1330883693008919,0.08239651517214608,0.04881663344849572,0.027676848607970202,0.01501596277923078,0.007795907806343648,0.0038725939091481757,0.0018393970609117637,0.0008325802087283636,0.0003528408412194713,0.00012633196615657473,0.0000671406259569174,0.00013187215892101562,0.00024812206976163807,0.0004472792122775998,0.000772608590441961,0.001279046855068445,0.002029799248443011,0.0030886692621554367,0.004507917190709652,0.006312898112007373,0.008486444271314933,0.010957301089104402,0.013597165221519032,0.01622950787086322,0.01865047774733378,0.02065855830767517,0.022086594423405072,0.02282856320681758,0.02285466742185473,0.022211619752576156,0.02100914412470773,0.019397217210322542,0.017540259288372183,0.015594050442773075,0.01368914774169482,0.01192204251215465,0.010353205043362308,0.009010055809472034,0.007892776117448251,0.006981349371870946,0.006242835088014447,0.005638293439026327,0.0051289156473138175,0.0046808964306040285,0.004268605505278947,0.003875808057838877,0.003495040884282082,0.0031256375575822106,0.002771142546341786,0.0024368570894065323,0.0021280367192858087,0.001848928481790096,0.0016025371409364958,0.0013908372387151642,0.0012151169129963782,0.0010762077387427007,0.000974467191702688,0.000909494657575401,0.000879667771701748,0.0008816570783483848,0.0009101154118333859,0.0009577105788335719,0.0010155868537187183,0.0010742161645680998,0.0011244817556410444,0.0011587613153383853,0.001171775247536832,0.0011610311640539482,0.0011268038654431037,0.0010717049533702082,0.0009999819491915733,0.000916725970932605,0.0008271535335929469,0.0007360745299500692,0.0006475857496805985,0.0005649639977156185,0.0004906919776566449,0.0004265440552188304,0.0003736788074913476,0.00033271559141561253,0.0003037952769528488,0.00028663200454252027,0.0002805545780369953,0.00028452533256911194,0.00029712285967072147,0.0003164897271779594,0.00034027303005537403,0.00036561141070074447,0.0003892306319359923,0.0004076904131313524,0.0004177785010433599,0.0004169883730158185,0.0004039679763048848,0.00037881144883264683,0.0003430952254840772,0.0002996278282583581,0.00025196511529998705,0.00020380964451140906,0.00015843979718633348,0.00011829373465284649,0.00008477688001093886,0.00005829308414485919,0.000038443428416049724,0.000024308755771442396,0.000014734371132458389,0.000008559329725747979,0.00000476444987396677,0.0000025409031292803488,0.000001298114283262438,6.352461593606319e-7,2.977401713676653e-7,1.336489692125874e-7,5.745075283521022e-8,2.3648728159162866e-8,9.321304870315324e-9,3.5176135714062333e-9,1.271113198836087e-9,4.3948321996566507e-10,1.4558768562655642e-10,4.588715242078269e-11,1.3911180590670306e-11,3.382433542989937e-12,0,0,0,0,0,0,0,0,0,0,0,0],[0,0,0,0,0,0,0,0,0,0,0,0,0,0,0,0,0,0,0,0,0,0,0,0,0,0,0,0,0,0,0,0,0,0,0,0,0,0,0,0,0,0,0,0,0,0,0,0,0,0,0,0,0,0,0,0,0,0,0,0,0,0,0,0,0,0,0,0,0,0,0,0,0,0,0,0,0,0,0,0,0,0,1.2950390738152591e-8,4.459933291292501e-8,1.4698201401557676e-7,4.6354336109616714e-7,0.0000013989650903520532,0.000004040301078764979,0.000011166341917990257,0.000029532380471074725,0.00007474399867220118,0.00018102749495482886,0.0004195687130355518,0.000930576304911943,0.001975109712569428,0.004011629346368786,0.007797236641980796,0.014502770374639882,0.025813777765478788,0.04396858640883902,0.07166775164880541,0.11178805429667027,0.16686196541452405,0.238346979464124,0.3258009083093216,0.42617234998835807,0.5334682638303399,0.6390314720305573,0.732531402780103,0.8035642130997783,0.8435391961349342,0.8473840557758606,0.8146023322876929,0.749378710068359,0.6597013796502382,0.5557555065004072,0.4480335092577406,0.345642835885286,0.25517314298695054,0.1802738385789276,0.12187672889884581,0.0788495484406055,0.04881664836933794,0.028921910533618898,0.01639743762417394,0.008896384424014313,0.004618832666666884,0.002294531731155367,0.0010901950486912632,0.0004942654574972411,0.00021127029610617,0.00007961583790454238,0.000027974806177914014,0.000054945830155517296,0.0001033824677957809,0.00018636313875591848,0.000321914484418891,0.000532926033042724,0.0008457320074420715,0.0012869148518463202,0.0018782453428481591,0.002630280035692977,0.0035358510763572317,0.00456524354598916,0.005664955409896471,0.006761366861952117,0.007769443081634243,0.008605087283905553,0.009198487069984393,0.00950528035987115,0.009512867418862887,0.009240563256135717,0.00873401288538158,0.008055744865900964,0.007274439007754429,0.006455305357261937,0.005653144004008227,0.004908606853807861,0.004247318784794931,0.0036810575773424657,0.0032101371620307895,0.0028263306360021352,0.0025159149245929506,0.0022625852961943704,0.002050043183438653,0.0018640553369720465,0.001693795665724024,0.0015323654484293168,0.0013765379787956077,0.001225934687921401,0.0010819419634323577,0.0009466792014554548,0.0008222365307316545,0.00071026308770422,0.0006118622682189112,0.0005276780078448118,0.00045804271808603923,0.0004030857440505684,0.00036274757285000296,0.0003366911607996174,0.0003241429653227719,0.0003237224944067652,0.00033333301420902594,0.0003501752866213316,0.0003709159328656618,0.00039199670045228475,0.00041002815491109686,0.00042218353251837333,0.000426507719731894,0.0004220795680502679,0.00040900463629492693,0.0003882570737922773,0.00036142073716455167,0.00033039453771218356,0.0002971229619408563,0.00026339402383294323,0.00023072080383795617,0.0002002987393441025,0.00017301509539924297,0.00014948376747606556,0.00013008482861798755,0.00011499887266445768,0.0001042348067402559,0.00009765295952374341,0.00009498323893146379,0.00009583470906992448,0.00009969237141150438,0.00010590164254826836,0.0001136497512209505,0.00012196183623052629,0.00012973240726165016,0.00013580650674613378,0.0001391094605690572,0.00013880433128847142,0.00013443986830411088,0.0001260465349289447,0.00011414789045981431,0.00009967709599252595,0.00008381567310686583,0.00006779386133722921,0.000052700908696799664,0.000039346818944352205,0.00002819837138921317,0.000019389473177580218,0.000012787225593217656,0.000008085826020319998,0.000004901199561537222,0.0000028472191819608416,0.000001584912028982911,8.452640014775416e-7,4.318465392922347e-7,2.113347984587128e-7,9.905557183560182e-8,4.44651273593044e-8,1.9114456062041836e-8,7.868393990830554e-9,3.1014646634030813e-9,1.1704411518263268e-9,4.229576540083624e-10,1.462394079003362e-10,4.844594995923449e-11,1.5269373646599307e-11,4.630003784522168e-12,1.1261181424455333e-12,0,0,0,0,0,0,0,0,0,0,0,0],[0,0,0,0,0,0,0,0,0,0,0,0,0,0,0,0,0,0,0,0,0,0,0,0,0,0,0,0,0,0,0,0,0,0,0,0,0,0,0,0,0,0,0,0,0,0,0,0,0,0,0,0,0,0,0,0,0,0,0,0,0,0,0,0,0,0,0,0,0,0,0,0,0,0,0,0,0,0,0,0,0,0,7.342303245788129e-9,2.528586460652763e-8,8.333235192662629e-8,2.628087440414532e-7,7.931518153637946e-7,0.000002290673410894265,0.000006330825854273489,0.00001674356375594234,0.00004237656725192958,0.00010263464559937631,0.0002378770483331037,0.0005275959283513638,0.0011198005331733319,0.002274417796828919,0.004420691009417446,0.00822243437651126,0.014635279205526623,0.024928259017796193,0.040632470184789896,0.0633789211845721,0.09460341197677433,0.13513227796189917,0.1847148178713183,0.2416210206975626,0.30245309537318504,0.36230280198634934,0.4153131596584829,0.45558564597282314,0.4782497071292677,0.4804295738214755,0.46184377516594943,0.424864843579566,0.3740217325479593,0.31508898393475654,0.2540153386687885,0.19596432008243686,0.14467197429583672,0.10220735551675253,0.06909875700170955,0.04470423393410326,0.02767689780871714,0.016397455329116645,0.009296631164933076,0.005043869581467195,0.0026187020968005195,0.0013009667635577509,0.0006182585829729065,0.0002806141851143119,0.00012064721685220127,0.00004699323907992175,0.000012037415884334586,0.00002190820074217477,0.000041221021402579596,0.00007430733420831158,0.00012835473075624505,0.0002124896668223002,0.00033721189031140773,0.0005131197221287611,0.0007488921634992274,0.0010487353530743081,0.0014097856737544615,0.0018201851653142393,0.0022585848242222505,0.002695604996773037,0.0030973028301110217,0.003430096225913689,0.003666086157306416,0.0037875132195927396,0.0037892832433829367,0.003679041022532387,0.0034749586763440006,0.00320198291762259,0.002887564012214963,0.002557818594982011,0.002234750775939008,0.001934741175814317,0.0016681721197256358,0.001439876002505847,0.0012500710930513734,0.0010955227464747867,0.0009707623835332692,0.0008692603385240475,0.0007844699728004529,0.000710659304207315,0.0006434535224899408,0.000580046873932541,0.0005191029439190127,0.0004604264074304567,0.0004045297578508208,0.00035221905632424716,0.00030428634983430824,0.00026134190159671304,0.00022376983886644453,0.00019176178966053947,0.00016537749558849315,0.0001445924948883411,0.00012931126209173371,0.00011934207201684821,0.00011434532291491034,0.00011377635684112448,0.00011684859423542073,0.0001225387874317377,0.0001296456093587364,0.00013689699596257103,0.0001430868396988517,0.00014721187558130392,0.00014857923509262018,0.00014686304447202711,0.00014210181668908607,0.0001346428176694341,0.0001250505731578719,0.00011400209158676966,0.00010219025425285595,0.0000902505848191365,0.00007871764016389525,0.00006800883704915677,0.00005842776208211712,0.00005017751003135175,0.00004337645535920187,0.0000380724276845495,0.000034254339223457905,0.000031861685452440995,0.00003079188915018597,0.00003090448004645961,0.00003202089344460109,0.0000339201055954501,0.0000363330496487294,0.00003894146696962198,0.00004138778285830968,0.00004330061674523563,0.000044335645917797216,0.000044225257836978694,0.0000428252224030083,0.000040144932231007443,0.0000363508152046644,0.00003173965562166415,0.000026687248482953798,0.000021584875823866426,0.000016778959028369635,0.000012527082389062922,0.000008977641021595599,0.000006173133669206548,0.000004071179478329805,0.0000025743922824403945,0.0000015604892334810712,9.065433696829401e-7,5.046415880321945e-7,2.691417472209573e-7,1.3750844194330092e-7,6.72949360106501e-8,3.1542914836940363e-8,1.4159697486974655e-8,6.087062726034565e-9,2.5057812986938587e-9,9.877223940085012e-10,3.727590546046259e-10,1.3470569859388906e-10,4.657601245199947e-11,1.5429981028542343e-11,4.863246009873849e-12,1.4749151318956492e-12,3.5884112964633126e-13,0,0,0,0,0,0,0,0,0,0,0,0],[0,0,0,0,0,0,0,0,0,0,0,0,0,0,0,0,0,0,0,0,0,0,0,0,0,0,0,0,0,0,0,0,0,0,0,0,0,0,0,0,0,0,0,0,0,0,0,0,0,0,0,0,0,0,0,0,0,0,0,0,0,0,0,0,0,0,0,0,0,0,0,0,0,0,0,0,0,0,0,0,0,0,3.983566789612176e-9,1.3718846405720855e-8,4.521196939470061e-8,1.4258688993590465e-7,4.303245350995688e-7,0.0000012428049101241638,0.000003434789708306986,0.000009084220888886322,0.000022991407506818848,0.00005568442925696765,0.0001290601978737815,0.0002862471826835447,0.0006075478042259044,0.0012339854263507817,0.00239844600566647,0.004461081954198143,0.007940371059078967,0.013524827485586135,0.022045147604178254,0.03438623510097335,0.051327083276063404,0.07331602041940476,0.10021702855211667,0.1310914901635465,0.16409593363433733,0.19656739329095116,0.22532816402720665,0.24717800237445045,0.2594743892599072,0.2606570759823387,0.25057335050763185,0.23051043035143187,0.20292549932828746,0.17095153525498583,0.13781602765501988,0.10632044622743367,0.07849178287795745,0.055452603016795755,0.03748953216585803,0.024254283164832163,0.015016101675100282,0.00889644021716419,0.005043888791585744,0.0027365552940658354,0.0014207868356357525,0.0007058649080102523,0.0003354980582966623,0.0001523916260199536,0.0000657798549983951,0.000026186631098498675,0.000007945200658345794,0.000008359283084963854,0.00001572827003012041,0.00002835265335044385,0.000048974906677163994,0.00008107726520510516,0.00012866588784376758,0.00019578439937688682,0.00028574379989146175,0.00040014788291358356,0.0005379019543709897,0.0006944778742419616,0.0008617237097422155,0.0010284199905839185,0.001181601819206854,0.0013084371050027309,0.0013982576416982923,0.001444261164787716,0.0014444782592933124,0.0014018052270684499,0.0013231657443129488,0.001218084015834783,0.0010970581184932683,0.0009700955203646995,0.0008456485309520941,0.0007300303444526588,0.0006272631530955802,0.0005392411734624159,0.0004660824252901419,0.0004065701949584263,0.0003586198713664886,0.00031973023488008424,0.00028738615721883543,0.0002593796219891633,0.00023401936075195112,0.0002102133337661014,0.00018743157578699076,0.00016558127463692717,0.0001448412398133979,0.00012550310981600328,0.0001078528894600667,0.00009210576400100878,0.00007838829316911734,0.00006675095779138484,0.00005719180764903608,0.000049676122240441704,0.0000441438950519519,0.000040503602723785874,0.000038616311922974304,0.000038277356691500744,0.00003920440610790418,0.000041039303630333256,0.00004336750497910759,0.00004575366055568555,0.0000477869687228696,0.0000491266446982784,0.00004953769658928659,0.00004890976903099581,0.000047256215992931815,0.00004469535274299261,0.00004141951579437496,0.000037659432852642604,0.000033651122876929484,0.000029610553652605993,0.000025718334203030586,0.000022113888697854384,0.000018896545060232138,0.00001613035646694726,0.000013849992255476392,0.000012066179961088028,0.000010770232836337889,0.000009937735373464975,0.000009531398210146178,0.000009502821783024859,0.000009792825863637823,0.000010330404380126584,0.000011031168859703508,0.000011796968187063432,0.000012518681445230464,0.000013083620438898014,0.000013387531360294544,0.000013349296595502617,0.000012924849090107405,0.000012116265239664824,0.00001097287968906366,0.000009583384102174464,0.000008060481700068707,0.000006521813832335235,0.000005071768267387532,0.000003788158148530482,0.000002715989067025199,0.0000018683555908165483,0.0000012327076210449066,7.798238930045671e-7,4.728889700886908e-7,2.7482562831438364e-7,1.530435027804152e-7,8.1652354253477e-8,4.1731610312039646e-8,2.0429540032407504e-8,9.578792882915024e-9,4.301185276289807e-9,1.849523296303754e-9,7.615632219455416e-10,3.0026286996306935e-10,1.1334231258654488e-10,4.09676500478114e-11,1.4167746320627535e-11,4.694441112864382e-12,1.4797975027407575e-12,4.4969530828010853e-13,1.0944136091814793e-13,0,0,0,0,0,0,0,0,0,0,0,0],[0,0,0,0,0,0,0,0,0,0,0,0,0,0,0,0,0,0,0,0,0,0,0,0,0,0,0,0,0,0,0,0,0,0,0,0,0,0,0,0,0,0,0,0,0,0,0,0,0,0,0,0,0,0,0,0,0,0,0,0,0,0,0,0,0,0,0,0,0,0,0,0,0,0,0,0,0,0,0,0,0,0,2.0682461714625292e-9,7.122750302443658e-9,2.34738081582344e-8,7.403033632565036e-8,2.2342215386646452e-7,6.452575375269063e-7,0.0000017833241010316818,0.000004716477987303434,0.000011937013501697049,0.00002891105225626479,0.00006700735151139004,0.00014861797754238482,0.0003154355095406897,0.0006406785096074688,0.0012452600974620985,0.002316169443025473,0.004122597388289477,0.007022016736282164,0.011445720516237785,0.0178531459003156,0.026648741965335745,0.038065278316587244,0.05203213516057145,0.06806198740010752,0.08519771461515441,0.10205671953800875,0.11698915499225716,0.12833347200649783,0.13471768907673395,0.13533173357878361,0.13009631825663423,0.11967975943060301,0.1053578135484731,0.08875710562171486,0.07155333062494396,0.055200996361224296,0.040752505983314286,0.02879068933687056,0.01946436083244908,0.012592691679265803,0.007796278224321587,0.004618983451427835,0.002618760058907484,0.0014208059352566658,0.0007376683417391473,0.0003664902751088237,0.00017421084982676218,0.00007917243431996992,0.000034267642728102784,0.000013842061663756962,0.000004628870144581774,0.0000030522612438988096,0.000005742929936097831,0.00001035252042626203,0.000017882396813991817,0.000029604024862017847,0.00004698014875748586,0.00007148714189127679,0.00010433376991017891,0.0001461052489460283,0.00019640115103645875,0.00025356683117036186,0.0003146236364763885,0.00037547167459858516,0.00043137223700834705,0.00047763341560332415,0.0005103518225019187,0.0005270346351806587,0.00052695377880568,0.0005111595827674884,0.00048217660653844286,0.00044348441481367203,0.00039892468191785106,0.0003521663380561246,0.0003063153942766648,0.0002636991327616843,0.00022580755645442249,0.00019335010803285587,0.00016638226610563343,0.00014446615933976913,0.0001268415912392576,0.0001125920899588993,0.00010079339323826847,0.00009063190315480781,0.00008148211820108468,0.00007293732316457466,0.00006479637963214571,0.000057018307199959476,0.00004966186813124229,0.00004282742905681878,0.00003661339820808953,0.00003109206101396689,0.000026302786509592314,0.00002225649949126707,0.00001894446657951535,0.000016345932181408036,0.000014431627605023948,0.000013162549332480344,0.000012485348685873692,0.000012326723023961344,0.000012589705568822925,0.000013154254932429243,0.000013883399717085248,0.000014634500258694142,0.000015273625681761716,0.00001568998673317667,0.000015807306543154406,0.000015589810257627993,0.000015041900544990211,0.000014202106505732316,0.00001313307188220946,0.000011909967658301744,0.000010609652697159424,0.0000093022971785077,0.000008046254634954695,0.0000068860587685305115,0.0000058527506297751415,0.000004965510835158639,0.00000423370678239962,0.000003658819610617546,0.0000032360642913166014,0.0000029557183347367126,0.00000280418706844797,0.0000027647632185349906,0.000002818000054914657,0.000002941704041130392,0.0000031107516119485776,0.0000032971486721413208,0.000003470837544807097,0.0000036016199804699496,0.0000036621986411508264,0.000003631858202644856,0.0000034999021544572044,0.00000326782391118587,0.0000029494185588091615,0.0000025685873366366995,0.000002155256143400338,0.0000017403767239753072,0.0000013512027529606272,0.0000010078655697919543,7.218116045302019e-7,4.960988001289918e-7,3.27083701747527e-7,2.0680020050339595e-7,1.2535002846454666e-7,7.282490878038404e-8,4.054472932798214e-8,2.1628088538174726e-8,1.1052801455718432e-8,5.410619701616228e-9,2.5368807709769855e-9,1.1391860900799592e-9,4.898882164537804e-10,2.017369404582433e-10,7.954861985727963e-11,3.0031596705407796e-11,1.0856594324732088e-11,3.754862014755184e-12,1.2443922305134734e-12,3.9207542446602666e-13,1.1917983737720958e-13,2.9215429377184966e-14,0,0,0,0,0,0,0,0,0,0,0,0],[0,0,0,0,0,0,0,0,0,0,0,0,0,0,0,0,0,0,0,0,0,0,0,0,0,0,0,0,0,0,0,0,0,0,0,0,0,0,0,0,0,0,0,0,0,0,0,0,0,0,0,0,0,0,0,0,0,0,0,0,0,0,0,0,0,0,0,0,0,0,0,0,0,0,0,0,0,0,0,0,0,0,1.0275966870485259e-9,3.53889914772049e-9,1.1662831933955348e-8,3.678156372243242e-8,1.1100606315353346e-7,3.205926436633316e-7,8.860347300234972e-7,0.0000023433560381562584,0.000005930839228351305,0.00001436429663332395,0.0000332922325064957,0.00007384002130191937,0.00015672239071631546,0.0003183175789322366,0.0006187006016604398,0.0011507759952060974,0.00204828974263033,0.003488850231740183,0.0056867430220128015,0.008870236934893106,0.013240280260364543,0.0189125232911926,0.02585187897302139,0.03381622252288834,0.042330013946419685,0.050706317427455135,0.05812541550875408,0.06376177676086683,0.066933739751198,0.06723882437057882,0.06463763718377541,0.05946222746332292,0.05234644775410292,0.044098477708963676,0.03555087712092115,0.027426310158456542,0.020247657515432966,0.014304494982063333,0.009670760176764793,0.006256609315329375,0.003873537794395493,0.002294916473264566,0.0013011166363856095,0.0007059200395542603,0.00036650765907248834,0.00018209176840880897,0.00008656324935539123,0.00003935399486580229,0.000017064994085805214,0.0000069613386109321765,0.0000024716243977915295,0.0000010665094792177271,0.000002006672189578146,0.000003617335947720643,0.000006248391177122572,0.00001034410262243547,0.000016415562743486912,0.000024978609253747374,0.000036455539512509804,0.00005105070912608775,0.00006862396214522082,0.0000885967156280129,0.00010992747708324409,0.00013118258149794773,0.00015070464934246818,0.00016685208818566983,0.00017825829630162274,0.00018404920446937333,0.00018396741135939473,0.00017837750918627644,0.00016816044734283768,0.0001545326980406712,0.00013883944235715427,0.00012236764515371695,0.0001062092324515701,0.00009118482231017861,0.00007782223588833716,0.000066375379047592,0.00005686785732346142,0.00004914889770783975,0.00004295328575547143,0.00003795979377361855,0.0000338435278221907,0.000030317714325864157,0.000027161041913207818,0.00002422857769850063,0.000021447285711800542,0.000018800248349900343,0.000016305597761537386,0.000013996180619397261,0.000011904258412633515,0.000010052957099479265,0.000008453799711989203,0.000007108228069270741,0.00000601071187775354,0.000005151550750509817,0.000004518331882089932,0.000004095817681206549,0.000003864689460991182,0.000003799906195371405,0.000003869593120191629,0.000004035210178873817,0.000004253395334437823,0.000004479356393010327,0.000004671208742762221,0.0000047943300653969045,0.00000482478392491134,0.00000475110429530946,0.000004574154460725977,0.000004305239800733523,0.000003963017587513806,0.000003569941370669836,0.0000031489607730297297,0.0000027210075358785457,0.0000023035033448142954,0.000001909832022762231,0.0000015495006595765445,0.0000012286423429335235,9.5056897182821e-7,7.162207888526581e-7,5.245016684830657e-7,3.725789589299337e-7,2.562360327934182e-7,1.703187851719302e-7,1.0924980059294058e-7,6.753658851510589e-8,4.019096528976729e-8,2.300264726217499e-8,1.2651607477575786e-8,6.68266749801954e-9,3.3881123671478484e-9,1.6480802368571217e-9,7.688627007033866e-10,3.4391554568856297e-10,1.4745906662361466e-10,6.058311705435959e-11,2.3854595994571243e-11,8.998593718574327e-12,3.242358841157071e-12,1.1229487336236738e-12,3.72428471765247e-13,1.1827408806794027e-13,3.3234294819695425e-14,9.738476459061654e-15,0,0,0,0,0,0,0,0,0,0,0,0,0,0,0,0,0,0,0,0,0,0,0,0,0,0,0,0,0,0],[0,0,0,0,0,0,0,0,0,0,0,0,0,0,0,0,0,0,0,0,0,0,0,0,0,0,0,0,0,0,0,0,0,0,0,0,0,0,0,0,0,0,0,0,0,0,0,0,0,0,0,0,0,0,0,0,0,0,0,0,0,0,0,0,0,0,0,0,0,0,0,0,0,0,0,0,0,0,0,0,0,0,4.88577544116727e-10,1.6825926710956962e-9,5.5451694770489256e-9,1.7488034263612133e-8,5.277855641340595e-8,1.5242786248446012e-7,4.212709887576413e-7,0.0000011141639054928426,0.000002819856176319289,0.000006829598480149801,0.000015829008988833617,0.000035107719516728067,0.00007451468239373909,0.0001513461681261246,0.0002941652345834441,0.0005471439492289146,0.0009738727116454314,0.0016587965877065969,0.002703799043667756,0.004217411978848577,0.006295177567773364,0.008992082496101828,0.012291444395095838,0.016078143458200276,0.020126081094879882,0.02410864919296823,0.0276361077433975,0.03031595244611008,0.031824082928990804,0.031969137400227915,0.030732385994220034,0.02827170370233845,0.024888459849351847,0.02096690872001056,0.016902896295650442,0.013040017966474401,0.009626880767220384,0.006801165395341363,0.004598025973687216,0.0029747456899071223,0.0018416988034165745,0.001091133017199085,0.0006186244412889841,0.00033563443506056436,0.0001742588548901577,0.00008657773344313407,0.000041159532796942806,0.00001871687375408526,0.00000812651320145915,0.0000033372548195144555,0.000001231241278817937,3.566137507096359e-7,6.709801895508753e-7,0.0000012095447806759025,0.0000020893012495810047,0.0000034587985610565378,0.0000054889285950916055,0.00000835216448116815,0.00001218969098404801,0.00001706979836157065,0.00002294554523946936,0.000029623332725721155,0.00003675468718048954,0.00004385987656072891,0.000050384203790197835,0.00005577806958193117,0.00005958365467116937,0.00006150772082844444,0.00006146323969222671,0.00005957135083037606,0.00005612624679561113,0.00005153489613879538,0.00004624800356432339,0.000040697495235562506,0.00003525061310298013,0.000030184137725987022,0.00002567687414472512,0.000021815666166081103,0.000018609781434086493,0.000016009544691657733,0.000013926432782001812,0.000012252736908037528,0.000010879208644352814,0.000009709153781346924,0.000008667662948226765,0.000007705323818842912,0.000006796770137915403,0.000005935443392548792,0.000005126571526991079,0.000004380372599857992,0.0000037069213860820516,0.000003113259963695194,0.0000026025426413658277,0.0000021745278500842354,0.0000018266224428618095,0.0000015548485080028561,0.0000013543848646613176,0.000001219601360276887,0.0000011437147140438208,0.000001118298649396154,0.0000011329308451536102,0.0000011752119035833921,0.0000012312915166213388,0.000001286886621575116,0.0000013286356669726054,0.0000013455263112655475,0.0000013301080638405895,0.0000012792441381263186,0.0000011942547477775104,0.000001080429134027409,9.460026322255959e-7,8.007922123848105e-7,6.54738344786408e-7,5.166053341871645e-7,3.9304300353956567e-7,2.8812395789786585e-7,2.0336011784139474e-7,1.3810524840972935e-7,9.018747563900531e-8,5.660190757601864e-8,3.4122812126639254e-8,1.9751048750255725e-8,1.0972133935355084e-8,5.8477859328007976e-9,2.98918565563954e-9,1.4650581303167924e-9,6.883194142914064e-10,3.099309142004855e-10,1.3372039859005659e-10,5.527347381797208e-11,2.1885660764740228e-11,8.299878955144449e-12,3.011700275820398e-12,1.0476474168344906e-12,3.489326534046132e-13,1.085356116088786e-13,3.3234294819695425e-14,9.738476459061654e-15,0,0,0,0,0,0,0,0,0,0,0,0,0,0,0,0,0,0,0,0,0,0,0,0,0,0,0,0,0,0,0,0,0,0,0,0],[0,0,0,0,0,0,0,0,0,0,0,0,0,0,0,0,0,0,0,0,0,0,0,0,0,0,0,0,0,0,0,0,0,0,0,0,0,0,0,0,0,0,0,0,0,0,0,0,0,0,0,0,0,0,0,0,0,0,0,0,0,0,0,0,0,0,0,0,0,0,0,0,0,0,0,0,0,0,0,0,0,0,2.2229753616928422e-10,7.65561597468152e-10,2.522992567367365e-9,7.956867801349964e-9,2.401367642567861e-8,6.935304064189775e-8,1.916737762267042e-7,5.069326129746034e-7,0.000001283004280274,0.0000031073939714267402,0.000007202029116136605,0.000015973635389240135,0.000033903380341621944,0.00006886088132421821,0.00013384202295416283,0.0002489446216023009,0.00044310162623757097,0.0007547346350512892,0.0012301995311528534,0.001918877163304257,0.0028642381949708206,0.0040913009776741265,0.005592475212775604,0.007315382624462835,0.009157150781915872,0.010969176501255755,0.01257413226343128,0.013793432826674085,0.01447961600190018,0.01454561422870094,0.013982905619351142,0.012863321599644359,0.011323981976210679,0.009539718322443207,0.007690636309208511,0.00593306814948072,0.004380127374493679,0.0030944572232045374,0.002092052444066995,0.0013534773463398677,0.0008379531811009775,0.0004964538119605411,0.00028146749490596173,0.00015271011098251337,0.00007928603292616562,0.00003939225729494112,0.000018727919992432637,0.00000851778076217019,0.0000037014987137758,0.0000015269990991605944,5.777354663900875e-7,1.5975316663021926e-7,2.1470062851687842e-7,3.8703070211924413e-7,6.685352125117474e-7,0.000001106746368537735,0.0000017563448895803276,0.000002672515797544029,0.0000039004291238402895,0.000005461923850504026,0.0000073419561370618484,0.000009478536620024512,0.000011760091601740706,0.00001403300870068354,0.000016119639009615166,0.00001784390938841971,0.000019059062504502623,0.00001967097029653872,0.000019651491481321585,0.000019039152401580676,0.000017927974379919282,0.000016448244267245762,0.000014744457745931247,0.000012955312076895549,0.000011198968969447365,0.00000956472097372741,0.000008110483721759729,0.00000686462368484156,0.000005830491718147027,0.000004992352210142004,0.0000043218118111700745,0.0000037841287296098513,0.000003343883693510889,0.000002969517342985205,0.000002636321265804712,0.000002327685438051191,0.0000020347244278663986,0.0000017547183351143956,0.0000014889881209935393,0.0000012408116000547537,0.0000010138000159716322,8.108925013972789e-7,6.339001343120853e-7,4.834154467248213e-7,3.5890312323430585e-7,2.588564705591116e-7,1.8098103685052042e-7,1.224075565161081e-7,7.994093228729423e-8,5.032631312292243e-8,3.0497727647421946e-8,1.7769173865391954e-8,9.944204294956179e-9,5.341083002819355e-9,2.7514960246294126e-9,1.3588441882570387e-9,6.430620453815474e-10,2.915403541639573e-10,1.2658781898088922e-10,5.263217075261975e-11,2.0951431330359724e-11,7.984180596559532e-12,2.9031646642115193e-12,1.0144131220147951e-12,3.3919417694555155e-13,1.085356116088786e-13,3.3234294819695425e-14,9.738476459061654e-15,0,0,0,0,0,0,0,0,0,0,0,0,0,0,0,0,0,0,0,0,0,0,0,0,0,0,0,0,0,0,0,0,0,0,0,0,0,0,0,0,0,0,0,0,0,0,0,0,0,0,0,0,0,0,0,0],[0,0,0,0,0,0,0,0,0,0,0,0,0,0,0,0,0,0,0,0,0,0,0,0,0,0,0,0,0,0,0,0,0,0,0,0,0,0,0,0,0,0,0,0,0,0,0,0,0,0,0,0,0,0,0,0,0,0,0,0,0,0,0,0,0,0,0,0,0,0,0,0,0,0,0,0,0,0,0,0,0,0,9.678902981923922e-11,3.3332787021707266e-10,1.0985187107547393e-9,3.464444672504727e-9,1.0455628450441325e-8,3.019652684603678e-8,8.345535070908293e-8,2.2072001624066447e-7,5.586240031337368e-7,0.0000013529688765039293,0.0000031357855912084413,0.000006954969895993156,0.000014761635902070363,0.00002998223916792916,0.00005827522776011679,0.00010839125263743583,0.00019292780862043495,0.0003286137775362623,0.0005356326532278548,0.0008354850088715311,0.00124709810481805,0.001781365008139491,0.002434980879502386,0.003185140056788969,0.003987051567747415,0.004776013129826357,0.005474815796741523,0.006005703005875754,0.006304469267314824,0.006333205097913363,0.006088200041589109,0.005600729721693073,0.004930496523062378,0.004153622649577909,0.0033485266633547354,0.002583276089944439,0.0019071209081646873,0.0013473361766197945,0.0009108860579125702,0.0005893081926706745,0.00036484738859114094,0.00021615751586324608,0.00012255181664119346,0.00006649046537865386,0.00003452141977745675,0.00001715160532302304,0.000008154426269894566,0.0000037092089455862833,0.0000016128494795260353,6.674311968032006e-7,2.567960880657261e-7,7.981113490686502e-8,6.574266194216205e-8,1.1851115796221944e-7,2.0470944373461667e-7,3.3889200754179437e-7,5.378020248476843e-7,8.183366033141349e-7,0.00000119432522522065,0.0000016724514375720448,0.000002248101831429453,0.00000290228272474418,0.0000036008093622015644,0.000004296613173932354,0.000004935251006356538,0.000005462745863636146,0.00000583408191602064,0.000006020348292140462,0.000006012839311462942,0.000005823277296425266,0.000005480407070279233,0.000005024119606679346,0.000004498699960801889,0.0000039466875414282474,0.0000034043332454386538,0.0000028990045080721015,0.000002448371756727293,0.0000020609353252726906,0.0000017374108192245135,0.0000014725854843265161,0.000001257376262084099,0.0000010808917308350101,9.323152131374506e-7,8.024198852486583e-7,6.845456855835625e-7,5.749402601841938e-7,4.7248556283530944e-7,3.7796102223628326e-7,2.9308567664256377e-7,2.196012966011983e-7,1.5860212087764804e-7,1.1021058162552967e-7,7.358453522375469e-8,4.715839749477173e-8,2.898768388162381e-8,1.7080692047362006e-8,9.643918875884796e-9,5.2157792791088134e-9,2.701477565119443e-9,1.3397412901878752e-9,6.360908750440744e-10,2.8909290085257974e-10,1.2576945228831674e-10,5.237030915376056e-11,2.0871247642725434e-11,7.960684778198898e-12,2.9031646642115193e-12,1.0144131220147951e-12,3.3919417694555155e-13,1.085356116088786e-13,3.3234294819695425e-14,9.738476459061654e-15,0,0,0,0,0,0,0,0,0,0,0,0,0,0,0,0,0,0,0,0,0,0,0,0,0,0,0,0,0,0,0,0,0,0,0,0,0,0,0,0,0,0,0,0,0,0,0,0,0,0,0,0,0,0,0,0,0,0,0,0,0,0],[0,0,0,0,0,0,0,0,0,0,0,0,0,0,0,0,0,0,0,0,0,0,0,0,0,0,0,0,0,0,0,0,0,0,0,0,0,0,0,0,0,0,0,0,0,0,0,0,0,0,0,0,0,0,0,0,0,0,0,0,0,0,0,0,0,0,0,0,0,0,0,0,0,0,0,0,0,0,0,0,0,0,4.032811886017444e-11,1.3888439624436329e-10,4.5770882526850924e-10,1.4434955779409568e-9,4.3564423333376425e-9,1.2581685404695984e-8,3.477250788853779e-8,9.196520583372644e-8,2.3275628693248362e-7,5.63728035787387e-7,0.0000013065564793701184,0.0000028978578787116996,0.00000615058347357226,0.000012492400296981463,0.000024280957419479605,0.00004516230122286827,0.00008038530411977797,0.0001369202223053893,0.00022317671067790276,0.00034811319843364267,0.0005196159182019524,0.0007422235754999212,0.0010145591759129686,0.0013271205118635702,0.0016612449760685505,0.0019899737143465315,0.00228113684578604,0.0025023363196447525,0.0026268202753701774,0.0026387933470508056,0.002536709535990381,0.002333600143962295,0.002054340767678714,0.0017306484859422825,0.0013951971782177,0.0010763478608938073,0.00079462103100759,0.0005613811149612814,0.0003795298008760302,0.00024554116197556274,0.00015201731962193984,0.00009006419526490064,0.00005106244475931291,0.000027703926007832953,0.000014383715602085038,0.000007146440182981706,0.000003397751435823424,0.0000015457810123467692,6.726919684225556e-7,2.7956793556677604e-7,1.1005699793716355e-7,3.9333900874898116e-8,1.9264000143337188e-8,3.472603515715056e-8,5.99830667606821e-8,9.929877305639801e-8,1.5757665930198725e-7,2.397621550214153e-7,3.4989547025829746e-7,4.899110256992091e-7,6.584121160286769e-7,8.497540165306244e-7,0.0000010537883554481268,0.0000012565179666462786,0.0000014416909447388525,0.0000015930862523091494,0.0000016970095535366858,0.0000017444221373766695,0.0000017322136823879828,0.0000016633722143403912,0.0000015461092689803814,0.0000013922521460502524,0.0000012153373055502095,0.0000010288127198909777,8.446267496391762e-7,6.723199212541921e-7,5.186060121526324e-7,3.873571392069369e-7,2.7988643027198595e-7,1.9542689571884198e-7,1.317152582345023e-7,8.55972425735949e-8,5.357993651645224e-8,3.2273536618411276e-8,1.869042647371729e-8,1.0399008509352998e-8,5.554961979512012e-9,2.847375439368252e-9,1.3998405920493126e-9,6.597988187613719e-10,2.9805826027633437e-10,1.2901181112947382e-10,5.3493257887384233e-11,2.124367611449068e-11,8.078958866266839e-12,2.9363989590312146e-12,1.0241515984738568e-12,3.3919417694555155e-13,1.085356116088786e-13,3.3234294819695425e-14,9.738476459061654e-15,0,0,0,0,0,0,0,0,0,0,0,0,0,0,0,0,0,0,0,0,0,0,0,0,0,0,0,0,0,0,0,0,0,0,0,0,0,0,0,0,0,0,0,0,0,0,0,0,0,0,0,0,0,0,0,0,0,0,0,0,0,0,0,0,0,0,0,0,0,0,0,0,0],[0,0,0,0,0,0,0,0,0,0,0,0,0,0,0,0,0,0,0,0,0,0,0,0,0,0,0,0,0,0,0,0,0,0,0,0,0,0,0,0,0,0,0,0,0,0,0,0,0,0,0,0,0,0,0,0,0,0,0,0,0,0,0,0,0,0,0,0,0,0,0,0,0,0,0,0,0,0,0,0,0,0,1.6079781112411833e-11,5.537651531136094e-11,1.824994056641934e-10,5.755560533458726e-10,1.7370172755092887e-9,5.016617512812609e-9,1.3864626751273342e-8,3.66687170530184e-8,9.280547300975472e-8,2.247717889797923e-7,5.209551745301567e-7,0.0000011554449277964988,0.0000024523840626329805,0.000004981017414686888,0.000009681395798766006,0.000018007284711553682,0.000032051534547949425,0.00005459335239927729,0.00008898586788863784,0.0001388010200168907,0.0002071832374870214,0.0002959422102451836,0.00040452889783510837,0.0005291545438691958,0.0006623779225084557,0.0007934498967603766,0.0009095435692122111,0.000997741065707426,0.0010473757825414103,0.0010521497312726952,0.0010114464854142993,0.0009304619352295871,0.0008191145733603694,0.0006900507542383959,0.0005562983314986803,0.00042916551758820094,0.00031683432322302744,0.00022383601577445346,0.0001513275673804541,0.00009790310709989484,0.0000606129246246427,0.00003591073917006125,0.000020359813236384636,0.000011046217125081819,0.000005735135742588696,0.000002849470517665833,0.0000013547993343116398,6.1641914911528e-7,2.683907902579487e-7,1.1182771137093338e-7,4.458837089280518e-8,1.7013125806754858e-8,6.212078889169136e-9,2.170601763601915e-9,7.257945137964938e-10,2.3224028244422446e-10,7.111345208588941e-11,2.0838013347905738e-11,0,0,0,0,0,0,0,0,0,0,0,0,0,0,0,0,0,0,0,0,0,0,0,0,0,0,0,0,0,0,0,0,0,0,0,0,0,0,0,0,0,0,0,0,0,0,0,0,0,0,0,0,0,0,0,0,0,0,0,0,0,0,0,0,0,0,0,0,0,0,0,0,0,0,0,0,0,0,0,0,0,0,0,0,0,0,0,0,0,0,0,0,0,0,0,0,0,0,0,0,0,0,0,0,0,0,0,0,0,0,0,0,0,0,0,0],[0,0,0,0,0,0,0,0,0,0,0,0,0,0,0,0,0,0,0,0,0,0,0,0,0,0,0,0,0,0,0,0,0,0,0,0,0,0,0,0,0,0,0,0,0,0,0,0,0,0,0,0,0,0,0,0,0,0,0,0,0,0,0,0,0,0,0,0,0,0,0,0,0,0,0,0,0,0,0,0,0,0,6.135396596305884e-12,2.112944704790496e-11,6.963442005287372e-11,2.1960900002275455e-10,6.62775805552347e-10,1.914139116565516e-9,5.290182943669119e-9,1.3991304995086956e-8,3.54108292421402e-8,8.576385831444652e-8,1.987755046101407e-7,4.4087123000383935e-7,9.35730948420625e-7,0.000001900555553496986,0.0000036940305602412426,0.000006870854308004064,0.00001222957418369824,0.000020830623635349567,0.000033953421824993025,0.000052960876757089335,0.00007905277573140048,0.00011291962351651723,0.00015435192839591006,0.00020190405358620558,0.00025273672712432813,0.00030274851143124103,0.0003470451792673375,0.00038069779033315113,0.00039963639842693937,0.0004014579449139283,0.00038592722628334557,0.00035502678491022865,0.0003125411179571695,0.000263295564736549,0.00021226102928559778,0.00016375226985086472,0.00012089121205729362,0.00008540680496286057,0.00005774050251944184,0.00003735588102034617,0.00002312744985981941,0.000013702091174907456,0.000007768484406514516,0.000004214791387860961,0.0000021882967229740494,0.000001087243140509307,5.169368392705903e-7,2.3520071093880568e-7,1.0240711173346783e-7,4.266894896898231e-8,1.7013125806754858e-8,6.491523325943524e-9,2.370279011022891e-9,8.282141765013848e-10,2.7693394321936685e-10,8.861353450474242e-11,2.7134028058537707e-11,7.950946301739836e-12,0,0,0,0,0,0,0,0,0,0,0,0,0,0,0,0,0,0,0,0,0,0,0,0,0,0,0,0,0,0,0,0,0,0,0,0,0,0,0,0,0,0,0,0,0,0,0,0,0,0,0,0,0,0,0,0,0,0,0,0,0,0,0,0,0,0,0,0,0,0,0,0,0,0,0,0,0,0,0,0,0,0,0,0,0,0,0,0,0,0,0,0,0,0,0,0,0,0,0,0,0,0,0,0,0,0,0,0,0,0,0,0,0,0,0,0],[0,0,0,0,0,0,0,0,0,0,0,0,0,0,0,0,0,0,0,0,0,0,0,0,0,0,0,0,0,0,0,0,0,0,0,0,0,0,0,0,0,0,0,0,0,0,0,0,0,0,0,0,0,0,0,0,0,0,0,0,0,0,0,0,0,0,0,0,0,0,0,0,0,0,0,0,0,0,0,0,0,0,2.240244861850126e-12,7.715089715847168e-12,2.5425927938430182e-11,8.018681860162681e-11,2.420023008522715e-10,6.989181959865678e-10,1.9316282120926776e-9,5.108707910535681e-9,1.2929714814413198e-8,3.131534203299309e-8,7.25797910330117e-8,1.609772884687364e-7,3.4166763572147944e-7,6.939583687134275e-7,0.0000013488179373898044,0.0000025087858328986455,0.000004465439242206549,0.000007605978983709525,0.000012397565111189094,0.00001933784233371042,0.00002886489436622406,0.000041230848310154656,0.00005635921151597466,0.0000737221321447331,0.00009228289409717886,0.00011054392108490109,0.0001267181619769485,0.0001390058907072184,0.00014592102957505394,0.00014658613900914576,0.00014091533809727785,0.00012963252142382848,0.00011411953940223038,0.00009613828980576826,0.00007750382110822051,0.00005979160032956502,0.00004414155016763687,0.00003118496954219474,0.00002108304851355598,0.00001363992028911416,0.000008444629438845467,0.000005003105971938354,0.000002836541534500866,0.000001538965672750598,7.990225917584119e-7,3.969899615901422e-7,1.887514653533971e-7,8.587988990009327e-8,3.739236775923226e-8,1.5579904605655186e-8,6.212078889169136e-9,2.370279011022891e-9,8.654706003508166e-10,3.024095548339619e-10,1.0111813207684353e-10,3.235585707436642e-11,9.907569296504188e-12,2.9031646642115193e-12,0,0,0,0,0,0,0,0,0,0,0,0,0,0,0,0,0,0,0,0,0,0,0,0,0,0,0,0,0,0,0,0,0,0,0,0,0,0,0,0,0,0,0,0,0,0,0,0,0,0,0,0,0,0,0,0,0,0,0,0,0,0,0,0,0,0,0,0,0,0,0,0,0,0,0,0,0,0,0,0,0,0,0,0,0,0,0,0,0,0,0,0,0,0,0,0,0,0,0,0,0,0,0,0,0,0,0,0,0,0,0,0,0,0,0,0],[0,0,0,0,0,0,0,0,0,0,0,0,0,0,0,0,0,0,0,0,0,0,0,0,0,0,0,0,0,0,0,0,0,0,0,0,0,0,0,0,0,0,0,0,0,0,0,0,0,0,0,0,0,0,0,0,0,0,0,0,0,0,0,0,0,0,0,0,0,0,0,0,0,0,0,0,0,0,0,0,0,0,7.827781222337946e-13,2.6957782800798634e-12,8.88423424895574e-12,2.8018583308364628e-11,8.455955411988002e-11,2.4421342611520297e-10,6.749424272608306e-10,1.7850659333495543e-9,4.517853407812875e-9,1.0942091666466808e-8,2.536056370642531e-8,5.624809222228472e-8,1.1938424895984133e-7,2.424803815067362e-7,4.7129900407104984e-7,8.766107209108002e-7,0.000001560297360564771,0.0000026576532092571537,0.000004331911615229955,0.000006756957762882158,0.000010085865253055232,0.00001440673141045621,0.000019692828454750968,0.0000257597163372878,0.00003224514953067785,0.00003862585043482134,0.00004427739421453888,0.000048570927205417416,0.000050987189601608995,0.00005121958969445797,0.00004923811929140233,0.00004529571897635057,0.000039875229839692275,0.000033592287722859873,0.000027081100189616478,0.000020892161133081368,0.000015423778150829323,0.000010896537390112484,0.0000073667612891101134,0.000004766010793353052,0.000002950691367567975,0.0000017481668922638546,9.911339130049539e-7,5.37739726586448e-7,2.7919153600133245e-7,1.3871477264434344e-7,6.595284298350706e-8,3.0007835348017056e-8,1.3065503650469029e-8,5.4438729799047594e-9,2.170601763601915e-9,8.282141765013848e-10,3.024095548339619e-10,1.0566683468832487e-10,3.533232589830867e-11,1.130566460624331e-11,3.461866433392375e-12,1.0144131220147951e-12,0,0,0,0,0,0,0,0,0,0,0,0,0,0,0,0,0,0,0,0,0,0,0,0,0,0,0,0,0,0,0,0,0,0,0,0,0,0,0,0,0,0,0,0,0,0,0,0,0,0,0,0,0,0,0,0,0,0,0,0,0,0,0,0,0,0,0,0,0,0,0,0,0,0,0,0,0,0,0,0,0,0,0,0,0,0,0,0,0,0,0,0,0,0,0,0,0,0,0,0,0,0,0,0,0,0,0,0,0,0,0,0,0,0,0,0],[0,0,0,0,0,0,0,0,0,0,0,0,0,0,0,0,0,0,0,0,0,0,0,0,0,0,0,0,0,0,0,0,0,0,0,0,0,0,0,0,0,0,0,0,0,0,0,0,0,0,0,0,0,0,0,0,0,0,0,0,0,0,0,0,0,0,0,0,0,0,0,0,0,0,0,0,0,0,0,0,0,0,2.6174127201225314e-13,9.014003023967658e-13,2.970663981436619e-12,9.36870797332052e-12,2.8274583342936185e-11,8.165881362582589e-11,2.2568373390681592e-10,5.968810506447802e-10,1.510656294725436e-9,3.6587596279297763e-9,8.479933221083308e-9,1.8807944152182413e-8,3.9919083445773043e-8,8.107932719488278e-8,1.57590506581405e-7,2.9311652770265297e-7,5.217241058119545e-7,8.886522397602912e-7,0.000001448482046456967,0.000002259356348313499,0.000003372459098812688,0.000004817247822602606,0.0000065847854236863205,0.000008613399799110375,0.000010781965175904803,0.00001291551071523897,0.000014805244492563935,0.00001624089369447594,0.000017048830931262494,0.000017126539664031512,0.00001646398590962863,0.000015145746623253987,0.000013333271694204018,0.000011232414229069193,0.00000905523725023634,0.000006985812038860786,0.000005157322615139644,0.0000036435274262369995,0.000002463259275719023,0.0000015936338689646995,9.866368130714665e-7,5.845429414469305e-7,3.3141019626876784e-7,1.798066093704913e-7,9.335461185285655e-8,4.638272328717025e-8,2.2052968171958794e-8,1.0033863710844016e-8,4.368775068975585e-9,1.8202938967778558e-9,7.257945137964938e-10,2.7693394321936685e-10,1.0111813207684353e-10,3.533232589830867e-11,1.1814239132519827e-11,3.78032925414109e-12,1.1575608695180387e-12,3.3919417694555155e-13,0,0,0,0,0,0,0,0,0,0,0,0,0,0,0,0,0,0,0,0,0,0,0,0,0,0,0,0,0,0,0,0,0,0,0,0,0,0,0,0,0,0,0,0,0,0,0,0,0,0,0,0,0,0,0,0,0,0,0,0,0,0,0,0,0,0,0,0,0,0,0,0,0,0,0,0,0,0,0,0,0,0,0,0,0,0,0,0,0,0,0,0,0,0,0,0,0,0,0,0,0,0,0,0,0,0,0,0,0,0,0,0,0,0,0,0],[0,0,0,0,0,0,0,0,0,0,0,0,0,0,0,0,0,0,0,0,0,0,0,0,0,0,0,0,0,0,0,0,0,0,0,0,0,0,0,0,0,0,0,0,0,0,0,0,0,0,0,0,0,0,0,0,0,0,0,0,0,0,0,0,0,0,0,0,0,0,0,0,0,0,0,0,0,0,0,0,0,0,8.375217197698513e-14,2.88430756701241e-13,9.505553279632034e-13,2.9978063274138875e-12,9.047322756971717e-12,2.612924950523864e-11,7.22144534152296e-11,1.9099045411938242e-10,4.833809541050753e-10,1.170732698076288e-9,2.71341550388841e-9,6.018180323863376e-9,1.2773338786851615e-8,2.59438249948069e-8,5.0425930567526867e-8,9.379165023810226e-8,1.6694167755269303e-7,2.843516218896211e-7,4.6348639069332597e-7,7.229505686531045e-7,0.000001079122036267503,0.0000015414266347551072,0.0000021070046653181284,0.0000027561222413859373,0.0000034500214456815716,0.000004132714975659811,0.0000047373934319554855,0.000005196773559257415,0.000005455297932894569,0.000005480163232512573,0.000005268158776523876,0.000004846347563601756,0.000004266390452540347,0.0000035941564774916215,0.0000028975017262034716,0.0000022353254677014442,0.0000016502440264130204,0.0000011658586865535566,7.881955829811418e-7,5.099321816378711e-7,3.1570480043864697e-7,1.8704249652192562e-7,1.0604488753125932e-7,5.753465609310172e-8,2.987167994804852e-8,1.4841579196291746e-8,7.05652558628357e-9,3.2106433679473396e-9,1.397923980779307e-9,5.82459030322354e-10,2.3224028244422446e-10,8.861353450474242e-11,3.235585707436642e-11,1.130566460624331e-11,3.78032925414109e-12,1.2096326398521966e-12,3.703972104680699e-13,1.085356116088786e-13,0,0,0,0,0,0,0,0,0,0,0,0,0,0,0,0,0,0,0,0,0,0,0,0,0,0,0,0,0,0,0,0,0,0,0,0,0,0,0,0,0,0,0,0,0,0,0,0,0,0,0,0,0,0,0,0,0,0,0,0,0,0,0,0,0,0,0,0,0,0,0,0,0,0,0,0,0,0,0,0,0,0,0,0,0,0,0,0,0,0,0,0,0,0,0,0,0,0,0,0,0,0,0,0,0,0,0,0,0,0,0,0,0,0,0,0],[0,0,0,0,0,0,0,0,0,0,0,0,0,0,0,0,0,0,0,0,0,0,0,0,0,0,0,0,0,0,0,0,0,0,0,0,0,0,0,0,0,0,0,0,0,0,0,0,0,0,0,0,0,0,0,0,0,0,0,0,0,0,0,0,0,0,0,0,0,0,0,0,0,0,0,0,0,0,0,0,0,0,2.564544792269141e-14,8.831933280866869e-14,2.9106608921874717e-13,9.179473706441198e-13,2.7703477907111258e-12,8.000942442779341e-12,2.2112525091705154e-11,5.848249220564398e-11,1.4801432360141315e-10,3.5848580079998604e-10,8.308650910774642e-10,1.8428051051310725e-9,3.911277605398891e-9,7.944164277943458e-9,1.5440740768826136e-8,2.87196000412445e-8,5.1118603813412964e-8,8.707027577633544e-8,1.4192248170791585e-7,2.2137206380949954e-7,3.30434033292077e-7,4.719946427075881e-7,6.451782340896542e-7,8.439421658158107e-7,0.000001056418517023156,0.0000012654636194597486,0.000001450620009973007,0.0000015912851277048545,0.0000016704469357434622,0.0000016780608486890377,0.000001613143735411898,0.0000014839824582909338,0.0000013063959009750603,0.0000011005535808055777,8.87233463577272e-7,6.844708802054283e-7,5.053152203710922e-7,3.5699334746139837e-7,2.413505023104704e-7,1.561444784010149e-7,9.667081852895518e-8,5.727360247088748e-8,3.247161926018968e-8,1.7617477753186674e-8,9.14689845514094e-9,4.544585977705684e-9,2.1607530308337096e-9,9.831194266060804e-10,4.28053217041449e-10,1.7835266091174302e-10,7.111345208588941e-11,2.7134028058537707e-11,9.907569296504188e-12,3.461866433392375e-12,1.1575608695180387e-12,3.703972104680699e-13,1.1341798245398686e-13,3.3234294819695425e-14,0,0,0,0,0,0,0,0,0,0,0,0,0,0,0,0,0,0,0,0,0,0,0,0,0,0,0,0,0,0,0,0,0,0,0,0,0,0,0,0,0,0,0,0,0,0,0,0,0,0,0,0,0,0,0,0,0,0,0,0,0,0,0,0,0,0,0,0,0,0,0,0,0,0,0,0,0,0,0,0,0,0,0,0,0,0,0,0,0,0,0,0,0,0,0,0,0,0,0,0,0,0,0,0,0,0,0,0,0,0,0,0,0,0,0,0],[0,0,0,0,0,0,0,0,0,0,0,0,0,0,0,0,0,0,0,0,0,0,0,0,0,0,0,0,0,0,0,0,0,0,0,0,0,0,0,0,0,0,0,0,0,0,0,0,0,0,0,0,0,0,0,0,0,0,0,0,0,0,0,0,0,0,0,0,0,0,0,0,0,0,0,0,0,0,0,0,0,0,7.51475523197258e-15,2.5879765107202824e-14,8.528961644187236e-14,2.6898145148479577e-13,8.117809295976212e-13,2.3444754899128684e-12,6.479520814997589e-12,1.713682738574033e-11,4.337188478998711e-11,1.050452717874325e-10,2.434641738003406e-10,5.39987811756498e-10,1.146101793092938e-9,2.327838072912063e-9,4.524521771967128e-9,8.415558399318845e-9,1.4979024605691548e-8,2.5513760274803374e-8,4.158682332880676e-8,6.486753047713591e-8,9.68254049603207e-8,1.3830619069092136e-7,1.8905329806659843e-7,2.472960825314761e-7,3.095569475676096e-7,3.7081237121975735e-7,4.2506780705917416e-7,4.6628619141408685e-7,4.894825735916884e-7,4.917136397955615e-7,4.726913081086857e-7,4.34843835686332e-7,3.8280654958626565e-7,3.2248962093998134e-7,2.5998151143614913e-7,2.0056702240733322e-7,1.4806995017307144e-7,1.0460794577275553e-7,7.072171074742755e-8,4.5754222719947736e-8,2.8326958511680122e-8,1.6782592572352482e-8,9.514993517045212e-9,5.1623599446971435e-9,2.6802691545610694e-9,1.3316769259036813e-9,6.331544760850432e-10,2.8807848773056495e-10,1.254302581113712e-10,5.226177354215168e-11,2.0838013347905738e-11,7.950946301739836e-12,2.9031646642115193e-12,1.0144131220147951e-12,3.3919417694555155e-13,1.085356116088786e-13,3.3234294819695425e-14,9.738476459061654e-15,0,0,0,0,0,0,0,0,0,0,0,0,0,0,0,0,0,0,0,0,0,0,0,0,0,0,0,0,0,0,0,0,0,0,0,0,0,0,0,0,0,0,0,0,0,0,0,0,0,0,0,0,0,0,0,0,0,0,0,0,0,0,0,0,0,0,0,0,0,0,0,0,0,0,0,0,0,0,0,0,0,0,0,0,0,0,0,0,0,0,0,0,0,0,0,0,0,0,0,0,0,0,0,0,0,0,0,0,0,0,0,0,0,0,0,0],[0,0,0,0,0,0,0,0,0,0,0,0,0,0,0,0,0,0,0,0,0,0,0,0,0,0,0,0,0,0,0,0,0,0,0,0,0,0,0,0,0,0,0,0,0,0,0,0,0,0,0,0,0,0,0,0,0,0,0,0,0,0,0,0,0,0,0,0,0,0,0,0,0,0,0,0,0,0,0,0,0,0,0,0,0,0,0,0,0,0,0,0,0,0,0,0,0,0,0,0,0,0,0,0,0,0,0,0,0,0,0,0,0,0,0,0,0,0,0,0,0,0,0,0,0,0,0,0,0,0,0,0,0,0,0,0,0,0,0,0,0,0,0,0,0,0,0,0,0,0,0,0,0,0,0,0,0,0,0,0,0,0,0,0,0,0,0,0,0,0,0,0,0,0,0,0,0,0,0,0,0,0,0,0,0,0,0,0,0,0,0,0,0,0,0,0,0,0,0,0,0,0,0,0,0,0,0,0,0,0,0,0,0,0,0,0,0,0,0,0,0,0,0,0,0,0,0,0,0,0,0,0,0,0,0,0,0,0,0,0,0,0,0,0,0,0,0,0,0,0,0,0,0,0,0,0],[0,0,0,0,0,0,0,0,0,0,0,0,0,0,0,0,0,0,0,0,0,0,0,0,0,0,0,0,0,0,0,0,0,0,0,0,0,0,0,0,0,0,0,0,0,0,0,0,0,0,0,0,0,0,0,0,0,0,0,0,0,0,0,0,0,0,0,0,0,0,0,0,0,0,0,0,0,0,0,0,0,0,0,0,0,0,0,0,0,0,0,0,0,0,0,0,0,0,0,0,0,0,0,0,0,0,0,0,0,0,0,0,0,0,0,0,0,0,0,0,0,0,0,0,0,0,0,0,0,0,0,0,0,0,0,0,0,0,0,0,0,0,0,0,0,0,0,0,0,0,0,0,0,0,0,0,0,0,0,0,0,0,0,0,0,0,0,0,0,0,0,0,0,0,0,0,0,0,0,0,0,0,0,0,0,0,0,0,0,0,0,0,0,0,0,0,0,0,0,0,0,0,0,0,0,0,0,0,0,0,0,0,0,0,0,0,0,0,0,0,0,0,0,0,0,0,0,0,0,0,0,0,0,0,0,0,0,0,0,0,0,0,0,0,0,0,0,0,0,0,0,0,0,0,0,0],[0,0,0,0,0,0,0,0,0,0,0,0,0,0,0,0,0,0,0,0,0,0,0,0,0,0,0,0,0,0,0,0,0,0,0,0,0,0,0,0,0,0,0,0,0,0,0,0,0,0,0,0,0,0,0,0,0,0,0,0,0,0,0,0,0,0,0,0,0,0,0,0,0,0,0,0,0,0,0,0,0,0,0,0,0,0,0,0,0,0,0,0,0,0,0,0,0,0,0,0,0,0,0,0,0,0,0,0,0,0,0,0,0,0,0,0,0,0,0,0,0,0,0,0,0,0,0,0,0,0,0,0,0,0,0,0,0,0,0,0,0,0,0,0,0,0,0,0,0,0,0,0,0,0,0,0,0,0,0,0,0,0,0,0,0,0,0,0,0,0,0,0,0,0,0,0,0,0,0,0,0,0,0,0,0,0,0,0,0,0,0,0,0,0,0,0,0,0,0,0,0,0,0,0,0,0,0,0,0,0,0,0,0,0,0,0,0,0,0,0,0,0,0,0,0,0,0,0,0,0,0,0,0,0,0,0,0,0,0,0,0,0,0,0,0,0,0,0,0,0,0,0,0,0,0,0],[0,0,0,0,0,0,0,0,0,0,0,0,0,0,0,0,0,0,0,0,0,0,0,0,0,0,0,0,0,0,0,0,0,0,0,0,0,0,0,0,0,0,0,0,0,0,0,0,0,0,0,0,0,0,0,0,0,0,0,0,0,0,0,0,0,0,0,0,0,0,0,0,0,0,0,0,0,0,0,0,0,0,0,0,0,0,0,0,0,0,0,0,0,0,0,0,0,0,0,0,0,0,0,0,0,0,0,0,0,0,0,0,0,0,0,0,0,0,0,0,0,0,0,0,0,0,0,0,0,0,0,0,0,0,0,0,0,0,0,0,0,0,0,0,0,0,0,0,0,0,0,0,0,0,0,0,0,0,0,0,0,0,0,0,0,0,0,0,0,0,0,0,0,0,0,0,0,0,0,0,0,0,0,0,0,0,0,0,0,0,0,0,0,0,0,0,0,0,0,0,0,0,0,0,0,0,0,0,0,0,0,0,0,0,0,0,0,0,0,0,0,0,0,0,0,0,0,0,0,0,0,0,0,0,0,0,0,0,0,0,0,0,0,0,0,0,0,0,0,0,0,0,0,0,0,0],[0,0,0,0,0,0,0,0,0,0,0,0,0,0,0,0,0,0,0,0,0,0,0,0,0,0,0,0,0,0,0,0,0,0,0,0,0,0,0,0,0,0,0,0,0,0,0,0,0,0,0,0,0,0,0,0,0,0,0,0,0,0,0,0,0,0,0,0,0,0,0,0,0,0,0,0,0,0,0,0,0,0,0,0,0,0,0,0,0,0,0,0,0,0,0,0,0,0,0,0,0,0,0,0,0,0,0,0,0,0,0,0,0,0,0,0,0,0,0,0,0,0,0,0,0,0,0,0,0,0,0,0,0,0,0,0,0,0,0,0,0,0,0,0,0,0,0,0,0,0,0,0,0,0,0,0,0,0,0,0,0,0,0,0,0,0,0,0,0,0,0,0,0,0,0,0,0,0,0,0,0,0,0,0,0,0,0,0,0,0,0,0,0,0,0,0,0,0,0,0,0,0,0,0,0,0,0,0,0,0,0,0,0,0,0,0,0,0,0,0,0,0,0,0,0,0,0,0,0,0,0,0,0,0,0,0,0,0,0,0,0,0,0,0,0,0,0,0,0,0,0,0,0,0,0,0],[0,0,0,0,0,0,0,0,0,0,0,0,0,0,0,0,0,0,0,0,0,0,0,0,0,0,0,0,0,0,0,0,0,0,0,0,0,0,0,0,0,0,0,0,0,0,0,0,0,0,0,0,0,0,0,0,0,0,0,0,0,0,0,0,0,0,0,0,0,0,0,0,0,0,0,0,0,0,0,0,0,0,0,0,0,0,0,0,0,0,0,0,0,0,0,0,0,0,0,0,0,0,0,0,0,0,0,0,0,0,0,0,0,0,0,0,0,0,0,0,0,0,0,0,0,0,0,0,0,0,0,0,0,0,0,0,0,0,0,0,0,0,0,0,0,0,0,0,0,0,0,0,0,0,0,0,0,0,0,0,0,0,0,0,0,0,0,0,0,0,0,0,0,0,0,0,0,0,0,0,0,0,0,0,0,0,0,0,0,0,0,0,0,0,0,0,0,0,0,0,0,0,0,0,0,0,0,0,0,0,0,0,0,0,0,0,0,0,0,0,0,0,0,0,0,0,0,0,0,0,0,0,0,0,0,0,0,0,0,0,0,0,0,0,0,0,0,0,0,0,0,0,0,0,0,0],[0,0,0,0,0,0,0,0,0,0,0,0,0,0,0,0,0,0,0,0,0,0,0,0,0,0,0,0,0,0,0,0,0,0,0,0,0,0,0,0,0,0,0,0,0,0,0,0,0,0,0,0,0,0,0,0,0,0,0,0,0,0,0,0,0,0,0,0,0,0,0,0,0,0,0,0,0,0,0,0,0,0,0,0,0,0,0,0,0,0,0,0,0,0,0,0,0,0,0,0,0,0,0,0,0,0,0,0,0,0,0,0,0,0,0,0,0,0,0,0,0,0,0,0,0,0,0,0,0,0,0,0,0,0,0,0,0,0,0,0,0,0,0,0,0,0,0,0,0,0,0,0,0,0,0,0,0,0,0,0,0,0,0,0,0,0,0,0,0,0,0,0,0,0,0,0,0,0,0,0,0,0,0,0,0,0,0,0,0,0,0,0,0,0,0,0,0,0,0,0,0,0,0,0,0,0,0,0,0,0,0,0,0,0,0,0,0,0,0,0,0,0,0,0,0,0,0,0,0,0,0,0,0,0,0,0,0,0,0,0,0,0,0,0,0,0,0,0,0,0,0,0,0,0,0,0],[0,0,0,0,0,0,0,0,0,0,0,0,0,0,0,0,0,0,0,0,0,0,0,0,0,0,0,0,0,0,0,0,0,0,0,0,0,0,0,0,0,0,0,0,0,0,0,0,0,0,0,0,0,0,0,0,0,0,0,0,0,0,0,0,0,0,0,0,0,0,0,0,0,0,0,0,0,0,0,0,0,0,0,0,0,0,0,0,0,0,0,0,0,0,0,0,0,0,0,0,0,0,0,0,0,0,0,0,0,0,0,0,0,0,0,0,0,0,0,0,0,0,0,0,0,0,0,0,0,0,0,0,0,0,0,0,0,0,0,0,0,0,0,0,0,0,0,0,0,0,0,0,0,0,0,0,0,0,0,0,0,0,0,0,0,0,0,0,0,0,0,0,0,0,0,0,0,0,0,0,0,0,0,0,0,0,0,0,0,0,0,0,0,0,0,0,0,0,0,0,0,0,0,0,0,0,0,0,0,0,0,0,0,0,0,0,0,0,0,0,0,0,0,0,0,0,0,0,0,0,0,0,0,0,0,0,0,0,0,0,0,0,0,0,0,0,0,0,0,0,0,0,0,0,0,0],[0,0,0,0,0,0,0,0,0,0,0,0,0,0,0,0,0,0,0,0,0,0,0,0,0,0,0,0,0,0,0,0,0,0,0,0,0,0,0,0,0,0,0,0,0,0,0,0,0,0,0,0,0,0,0,0,0,0,0,0,0,0,0,0,0,0,0,0,0,0,0,0,0,0,0,0,0,0,0,0,0,0,0,0,0,0,0,0,0,0,0,0,0,0,0,0,0,0,0,0,0,0,0,0,0,0,0,0,0,0,0,0,0,0,0,0,0,0,0,0,0,0,0,0,0,0,0,0,0,0,0,0,0,0,0,0,0,0,0,0,0,0,0,0,0,0,0,0,0,0,0,0,0,0,0,0,0,0,0,0,0,0,0,0,0,0,0,0,0,0,0,0,0,0,0,0,0,0,0,0,0,0,0,0,0,0,0,0,0,0,0,0,0,0,0,0,0,0,0,0,0,0,0,0,0,0,0,0,0,0,0,0,0,0,0,0,0,0,0,0,0,0,0,0,0,0,0,0,0,0,0,0,0,0,0,0,0,0,0,0,0,0,0,0,0,0,0,0,0,0,0,0,0,0,0,0],[0,0,0,0,0,0,0,0,0,0,0,0,0,0,0,0,0,0,0,0,0,0,0,0,0,0,0,0,0,0,0,0,0,0,0,0,0,0,0,0,0,0,0,0,0,0,0,0,0,0,0,0,0,0,0,0,0,0,0,0,0,0,0,0,0,0,0,0,0,0,0,0,0,0,0,0,0,0,0,0,0,0,0,0,0,0,0,0,0,0,0,0,0,0,0,0,0,0,0,0,0,0,0,0,0,0,0,0,0,0,0,0,0,0,0,0,0,0,0,0,0,0,0,0,0,0,0,0,0,0,0,0,0,0,0,0,0,0,0,0,0,0,0,0,0,0,0,0,0,0,0,0,0,0,0,0,0,0,0,0,0,0,0,0,0,0,0,0,0,0,0,0,0,0,0,0,0,0,0,0,0,0,0,0,0,0,0,0,0,0,0,0,0,0,0,0,0,0,0,0,0,0,0,0,0,0,0,0,0,0,0,0,0,0,0,0,0,0,0,0,0,0,0,0,0,0,0,0,0,0,0,0,0,0,0,0,0,0,0,0,0,0,0,0,0,0,0,0,0,0,0,0,0,0,0,0],[0,0,0,0,0,0,0,0,0,0,0,0,0,0,0,0,0,0,0,0,0,0,0,0,0,0,0,0,0,0,0,0,0,0,0,0,0,0,0,0,0,0,0,0,0,0,0,0,0,0,0,0,0,0,0,0,0,0,0,0,0,0,0,0,0,0,0,0,0,0,0,0,0,0,0,0,0,0,0,0,0,0,0,0,0,0,0,0,0,0,0,0,0,0,0,0,0,0,0,0,0,0,0,0,0,0,0,0,0,0,0,0,0,0,0,0,0,0,0,0,0,0,0,0,0,0,0,0,0,0,0,0,0,0,0,0,0,0,0,0,0,0,0,0,0,0,0,0,0,0,0,0,0,0,0,0,0,0,0,0,0,0,0,0,0,0,0,0,0,0,0,0,0,0,0,0,0,0,0,0,0,0,0,0,0,0,0,0,0,0,0,0,0,0,0,0,0,0,0,0,0,0,0,0,0,0,0,0,0,0,0,0,0,0,0,0,0,0,0,0,0,0,0,0,0,0,0,0,0,0,0,0,0,0,0,0,0,0,0,0,0,0,0,0,0,0,0,0,0,0,0,0,0,0,0,0],[0,0,0,0,0,0,0,0,0,0,0,0,0,0,0,0,0,0,0,0,0,0,0,0,0,0,0,0,0,0,0,0,0,0,0,0,0,0,0,0,0,0,0,0,0,0,0,0,0,0,0,0,0,0,0,0,0,0,0,0,0,0,0,0,0,0,0,0,0,0,0,0,0,0,0,0,0,0,0,0,0,0,0,0,0,0,0,0,0,0,0,0,0,0,0,0,0,0,0,0,0,0,0,0,0,0,0,0,0,0,0,0,0,0,0,0,0,0,0,0,0,0,0,0,0,0,0,0,0,0,0,0,0,0,0,0,0,0,0,0,0,0,0,0,0,0,0,0,0,0,0,0,0,0,0,0,0,0,0,0,0,0,0,0,0,0,0,0,0,0,0,0,0,0,0,0,0,0,0,0,0,0,0,0,0,0,0,0,0,0,0,0,0,0,0,0,0,0,0,0,0,0,0,0,0,0,0,0,0,0,0,0,0,0,0,0,0,0,0,0,0,0,0,0,0,0,0,0,0,0,0,0,0,0,0,0,0,0,0,0,0,0,0,0,0,0,0,0,0,0,0,0,0,0,0,0],[0,0,0,0,0,0,0,0,0,0,0,0,0,0,0,0,0,0,0,0,0,0,0,0,0,0,0,0,0,0,0,0,0,0,0,0,0,0,0,0,0,0,0,0,0,0,0,0,0,0,0,0,0,0,0,0,0,0,0,0,0,0,0,0,0,0,0,0,0,0,0,0,0,0,0,0,0,0,0,0,0,0,0,0,0,0,0,0,0,0,0,0,0,0,0,0,0,0,0,0,0,0,0,0,0,0,0,0,0,0,0,0,0,0,0,0,0,0,0,0,0,0,0,0,0,0,0,0,0,0,0,0,0,0,0,0,0,0,0,0,0,0,0,0,0,0,0,0,0,0,0,0,0,0,0,0,0,0,0,0,0,0,0,0,0,0,0,0,0,0,0,0,0,0,0,0,0,0,0,0,0,0,0,0,0,0,0,0,0,0,0,0,0,0,0,0,0,0,0,0,0,0,0,0,0,0,0,0,0,0,0,0,0,0,0,0,0,0,0,0,0,0,0,0,0,0,0,0,0,0,0,0,0,0,0,0,0,0,0,0,0,0,0,0,0,0,0,0,0,0,0,0,0,0,0,0],[0,0,0,0,0,0,0,0,0,0,0,0,0,0,0,0,0,0,0,0,0,0,0,0,0,0,0,0,0,0,0,0,0,0,0,0,0,0,0,0,0,0,0,0,0,0,0,0,0,0,0,0,0,0,0,0,0,0,0,0,0,0,0,0,0,0,0,0,0,0,0,0,0,0,0,0,0,0,0,0,0,0,0,0,0,0,0,0,0,0,0,0,0,0,0,0,0,0,0,0,0,0,0,0,0,0,0,0,0,0,0,0,0,0,0,0,0,0,0,0,0,0,0,0,0,0,0,0,0,0,0,0,0,0,0,0,0,0,0,0,0,0,0,0,0,0,0,0,0,0,0,0,0,0,0,0,0,0,0,0,0,0,0,0,0,0,0,0,0,0,0,0,0,0,0,0,0,0,0,0,0,0,0,0,0,0,0,0,0,0,0,0,0,0,0,0,0,0,0,0,0,0,0,0,0,0,0,0,0,0,0,0,0,0,0,0,0,0,0,0,0,0,0,0,0,0,0,0,0,0,0,0,0,0,0,0,0,0,0,0,0,0,0,0,0,0,0,0,0,0,0,0,0,0,0,0],[0,0,0,0,0,0,0,0,0,0,0,0,0,0,0,0,0,0,0,0,0,0,0,0,0,0,0,0,0,0,0,0,0,0,0,0,0,0,0,0,0,0,0,0,0,0,0,0,0,0,0,0,0,0,0,0,0,0,0,0,0,0,0,0,0,0,0,0,0,0,0,0,0,0,0,0,0,0,0,0,0,0,0,0,0,0,0,0,0,0,0,0,0,0,0,0,0,0,0,0,0,0,0,0,0,0,0,0,0,0,0,0,0,0,0,0,0,0,0,0,0,0,0,0,0,0,0,0,0,0,0,0,0,0,0,0,0,0,0,0,0,0,0,0,0,0,0,0,0,0,0,0,0,0,0,0,0,0,0,0,0,0,0,0,0,0,0,0,0,0,0,0,0,0,0,0,0,0,0,0,0,0,0,0,0,0,0,0,0,0,0,0,0,0,0,0,0,0,0,0,0,0,0,0,0,0,0,0,0,0,0,0,0,0,0,0,0,0,0,0,0,0,0,0,0,0,0,0,0,0,0,0,0,0,0,0,0,0,0,0,0,0,0,0,0,0,0,0,0,0,0,0,0,0,0,0],[0,0,0,0,0,0,0,0,0,0,0,0,0,0,0,0,0,0,0,0,0,0,0,0,0,0,0,0,0,0,0,0,0,0,0,0,0,0,0,0,0,0,0,0,0,0,0,0,0,0,0,0,0,0,0,0,0,0,0,0,0,0,0,0,0,0,0,0,0,0,0,0,0,0,0,0,0,0,0,0,0,0,0,0,0,0,0,0,0,0,0,0,0,0,0,0,0,0,0,0,0,0,0,0,0,0,0,0,0,0,0,0,0,0,0,0,0,0,0,0,0,0,0,0,0,0,0,0,0,0,0,0,0,0,0,0,0,0,0,0,0,0,0,0,0,0,0,0,0,0,0,0,0,0,0,0,0,0,0,0,0,0,0,0,0,0,0,0,0,0,0,0,0,0,0,0,0,0,0,0,0,0,0,0,0,0,0,0,0,0,0,0,0,0,0,0,0,0,0,0,0,0,0,0,0,0,0,0,0,0,0,0,0,0,0,0,0,0,0,0,0,0,0,0,0,0,0,0,0,0,0,0,0,0,0,0,0,0,0,0,0,0,0,0,0,0,0,0,0,0,0,0,0,0,0,0],[0,0,0,0,0,0,0,0,0,0,0,0,0,0,0,0,0,0,0,0,0,0,0,0,0,0,0,0,0,0,0,0,0,0,0,0,0,0,0,0,0,0,0,0,0,0,0,0,0,0,0,0,0,0,0,0,0,0,0,0,0,0,0,0,0,0,0,0,0,0,0,0,0,0,0,0,0,0,0,0,0,0,0,0,0,0,0,0,0,0,0,0,0,0,0,0,0,0,0,0,0,0,0,0,0,0,0,0,0,0,0,0,0,0,0,0,0,0,0,0,0,0,0,0,0,0,0,0,0,0,0,0,0,0,0,0,0,0,0,0,0,0,0,0,0,0,0,0,0,0,0,0,0,0,0,0,0,0,0,0,0,0,0,0,0,0,0,0,0,0,0,0,0,0,0,0,0,0,0,0,0,0,0,0,0,0,0,0,0,0,0,0,0,0,0,0,0,0,0,0,0,0,0,0,0,0,0,0,0,0,0,0,0,0,0,0,0,0,0,0,0,0,0,0,0,0,0,0,0,0,0,0,0,0,0,0,0,0,0,0,0,0,0,0,0,0,0,0,0,0,0,0,0,0,0,0],[0,0,0,0,0,0,0,0,0,0,0,0,0,0,0,0,0,0,0,0,0,0,0,0,0,0,0,0,0,0,0,0,0,0,0,0,0,0,0,0,0,0,0,0,0,0,0,0,0,0,0,0,0,0,0,0,0,0,0,0,0,0,0,0,0,0,0,0,0,0,0,0,0,0,0,0,0,0,0,0,0,0,0,0,0,0,0,0,0,0,0,0,0,0,0,0,0,0,0,0,0,0,0,0,0,0,0,0,0,0,0,0,0,0,0,0,0,0,0,0,0,0,0,0,0,0,0,0,0,0,0,0,0,0,0,0,0,0,0,0,0,0,0,0,0,0,0,0,0,0,0,0,0,0,0,0,0,0,0,0,0,0,0,0,0,0,0,0,0,0,0,0,0,0,0,0,0,0,0,0,0,0,0,0,0,0,0,0,0,0,0,0,0,0,0,0,0,0,0,0,0,0,0,0,0,0,0,0,0,0,0,0,0,0,0,0,0,0,0,0,0,0,0,0,0,0,0,0,0,0,0,0,0,0,0,0,0,0,0,0,0,0,0,0,0,0,0,0,0,0,0,0,0,0,0,0],[0,0,0,0,0,0,0,0,0,0,0,0,0,0,0,0,0,0,0,0,0,0,0,0,0,0,0,0,0,0,0,0,0,0,0,0,0,0,0,0,0,0,0,0,0,0,0,0,0,0,0,0,0,0,0,0,0,0,0,0,0,0,0,0,0,0,0,0,0,0,0,0,0,0,0,0,0,0,0,0,0,0,0,0,0,0,0,0,0,0,0,0,0,0,0,0,0,0,0,0,0,0,0,0,0,0,0,0,0,0,0,0,0,0,0,0,0,0,0,0,0,0,0,0,0,0,0,0,0,0,0,0,0,0,0,0,0,0,0,0,0,0,0,0,0,0,0,0,0,0,0,0,0,0,0,0,0,0,0,0,0,0,0,0,0,0,0,0,0,0,0,0,0,0,0,0,0,0,0,0,0,0,0,0,0,0,0,0,0,0,0,0,0,0,0,0,0,0,0,0,0,0,0,0,0,0,0,0,0,0,0,0,0,0,0,0,0,0,0,0,0,0,0,0,0,0,0,0,0,0,0,0,0,0,0,0,0,0,0,0,0,0,0,0,0,0,0,0,0,0,0,0,0,0,0,0],[0,0,0,0,0,0,0,0,0,0,0,0,0,0,0,0,0,0,0,0,0,0,0,0,0,0,0,0,0,0,0,0,0,0,0,0,0,0,0,0,0,0,0,0,0,0,0,0,0,0,0,0,0,0,0,0,0,0,0,0,0,0,0,0,0,0,0,0,0,0,0,0,0,0,0,0,0,0,0,0,0,0,0,0,0,0,0,0,0,0,0,0,0,0,0,0,0,0,0,0,0,0,0,0,0,0,0,0,0,0,0,0,0,0,0,0,0,0,0,0,0,0,0,0,0,0,0,0,0,0,0,0,0,0,0,0,0,0,0,0,0,0,0,0,0,0,0,0,0,0,0,0,0,0,0,0,0,0,0,0,0,0,0,0,0,0,0,0,0,0,0,0,0,0,0,0,0,0,0,0,0,0,0,0,0,0,0,0,0,0,0,0,0,0,0,0,0,0,0,0,0,0,0,0,0,0,0,0,0,0,0,0,0,0,0,0,0,0,0,0,0,0,0,0,0,0,0,0,0,0,0,0,0,0,0,0,0,0,0,0,0,0,0,0,0,0,0,0,0,0,0,0,0,0,0,0],[0,0,0,0,0,0,0,0,0,0,0,0,0,0,0,0,0,0,0,0,0,0,0,0,0,0,0,0,0,0,0,0,0,0,0,0,0,0,0,0,0,0,0,0,0,0,0,0,0,0,0,0,0,0,0,0,0,0,0,0,0,0,0,0,0,0,0,0,0,0,0,0,0,0,0,0,0,0,0,0,0,0,0,0,0,0,0,0,0,0,0,0,0,0,0,0,0,0,0,0,0,0,0,0,0,0,0,0,0,0,0,0,0,0,0,0,0,0,0,0,0,0,0,0,0,0,0,0,0,0,0,0,0,0,0,0,0,0,0,0,0,0,0,0,0,0,0,0,0,0,0,0,0,0,0,0,0,0,0,0,0,0,0,0,0,0,0,0,0,0,0,0,0,0,0,0,0,0,0,0,0,0,0,0,0,0,0,0,0,0,0,0,0,0,0,0,0,0,0,0,0,0,0,0,0,0,0,0,0,0,0,0,0,0,0,0,0,0,0,0,0,0,0,0,0,0,0,0,0,0,0,0,0,0,0,0,0,0,0,0,0,0,0,0,0,0,0,0,0,0,0,0,0,0,0,0],[0,0,0,0,0,0,0,0,0,0,0,0,0,0,0,0,0,0,0,0,0,0,0,0,0,0,0,0,0,0,0,0,0,0,0,0,0,0,0,0,0,0,0,0,0,0,0,0,0,0,0,0,0,0,0,0,0,0,0,0,0,0,0,0,0,0,0,0,0,0,0,0,0,0,0,0,0,0,0,0,0,0,0,0,0,0,0,0,0,0,0,0,0,0,0,0,0,0,0,0,0,0,0,0,0,0,0,0,0,0,0,0,0,0,0,0,0,0,0,0,0,0,0,0,0,0,0,0,0,0,0,0,0,0,0,0,0,0,0,0,0,0,0,0,0,0,0,0,0,0,0,0,0,0,0,0,0,0,0,0,0,0,0,0,0,0,0,0,0,0,0,0,0,0,0,0,0,0,0,0,0,0,0,0,0,0,0,0,0,0,0,0,0,0,0,0,0,0,0,0,0,0,0,0,0,0,0,0,0,0,0,0,0,0,0,0,0,0,0,0,0,0,0,0,0,0,0,0,0,0,0,0,0,0,0,0,0,0,0,0,0,0,0,0,0,0,0,0,0,0,0,0,0,0,0,0],[0,0,0,0,0,0,0,0,0,0,0,0,0,0,0,0,0,0,0,0,0,0,0,0,0,0,0,0,0,0,0,0,0,0,0,0,0,0,0,0,0,0,0,0,0,0,0,0,0,0,0,0,0,0,0,0,0,0,0,0,0,0,0,0,0,0,0,0,0,0,0,0,0,0,0,0,0,0,0,0,0,0,0,0,0,0,0,0,0,0,0,0,0,0,0,0,0,0,0,0,0,0,0,0,0,0,0,0,0,0,0,0,0,0,0,0,0,0,0,0,0,0,0,0,0,0,0,0,0,0,0,0,0,0,0,0,0,0,0,0,0,0,0,0,0,0,0,0,0,0,0,0,0,0,0,0,0,0,0,0,0,0,0,0,0,0,0,0,0,0,0,0,0,0,0,0,0,0,0,0,0,0,0,0,0,0,0,0,0,0,0,0,0,0,0,0,0,0,0,0,0,0,0,0,0,0,0,0,0,0,0,0,0,0,0,0,0,0,0,0,0,0,0,0,0,0,0,0,0,0,0,0,0,0,0,0,0,0,0,0,0,0,0,0,0,0,0,0,0,0,0,0,0,0,0,0],[0,0,0,0,0,0,0,0,0,0,0,0,0,0,0,0,0,0,0,0,0,0,0,0,0,0,0,0,0,0,0,0,0,0,0,0,0,0,0,0,0,0,0,0,0,0,0,0,0,0,0,0,0,0,0,0,0,0,0,0,0,0,0,0,0,0,0,0,0,0,0,0,0,0,0,0,0,0,0,0,0,0,0,0,0,0,0,0,0,0,0,0,0,0,0,0,0,0,0,0,0,0,0,0,0,0,0,0,0,0,0,0,0,0,0,0,0,0,0,0,0,0,0,0,0,0,0,0,0,0,0,0,0,0,0,0,0,0,0,0,0,0,0,0,0,0,0,0,0,0,0,0,0,0,0,0,0,0,0,0,0,0,0,0,0,0,0,0,0,0,0,0,0,0,0,0,0,0,0,0,0,0,0,0,0,0,0,0,0,0,0,0,0,0,0,0,0,0,0,0,0,0,0,0,0,0,0,0,0,0,0,0,0,0,0,0,0,0,0,0,0,0,0,0,0,0,0,0,0,0,0,0,0,0,0,0,0,0,0,0,0,0,0,0,0,0,0,0,0,0,0,0,0,0,0,0],[0,0,0,0,0,0,0,0,0,0,0,0,0,0,0,0,0,0,0,0,0,0,0,0,0,0,0,0,0,0,0,0,0,0,0,0,0,0,0,0,0,0,0,0,0,0,0,0,0,0,0,0,0,0,0,0,0,0,0,0,0,0,0,0,0,0,0,0,0,0,0,0,0,0,0,0,0,0,0,0,0,0,0,0,0,0,0,0,0,0,0,0,0,0,0,0,0,0,0,0,0,0,0,0,0,0,0,0,0,0,0,0,0,0,0,0,0,0,0,0,0,0,0,0,0,0,0,0,0,0,0,0,0,0,0,0,0,0,0,0,0,0,0,0,0,0,0,0,0,0,0,0,0,0,0,0,0,0,0,0,0,0,0,0,0,0,0,0,0,0,0,0,0,0,0,0,0,0,0,0,0,0,0,0,0,0,0,0,0,0,0,0,0,0,0,0,0,0,0,0,0,0,0,0,0,0,0,0,0,0,0,0,0,0,0,0,0,0,0,0,0,0,0,0,0,0,0,0,0,0,0,0,0,0,0,0,0,0,0,0,0,0,0,0,0,0,0,0,0,0,0,0,0,0,0,0],[0,0,0,0,0,0,0,0,0,0,0,0,0,0,0,0,0,0,0,0,0,0,0,0,0,0,0,0,0,0,0,0,0,0,0,0,0,0,0,0,0,0,0,0,0,0,0,0,0,0,0,0,0,0,0,0,0,0,0,0,0,0,0,0,0,0,0,0,0,0,0,0,0,0,0,0,0,0,0,0,0,0,0,0,0,0,0,0,0,0,0,0,0,0,0,0,0,0,0,0,0,0,0,0,0,0,0,0,0,0,0,0,0,0,0,0,0,0,0,0,0,0,0,0,0,0,0,0,0,0,0,0,0,0,0,0,0,0,0,0,0,0,0,0,0,0,0,0,0,0,0,0,0,0,0,0,0,0,0,0,0,0,0,0,0,0,0,0,0,0,0,0,0,0,0,0,0,0,0,0,0,0,0,0,0,0,0,0,0,0,0,0,0,0,0,0,0,0,0,0,0,0,0,0,0,0,0,0,0,0,0,0,0,0,0,0,0,0,0,0,0,0,0,0,0,0,0,0,0,0,0,0,0,0,0,0,0,0,0,0,0,0,0,0,0,0,0,0,0,0,0,0,0,0,0,0],[0,0,0,0,0,0,0,0,0,0,0,0,0,0,0,0,0,0,0,0,0,0,0,0,0,0,0,0,0,0,0,0,0,0,0,0,0,0,0,0,0,0,0,0,0,0,0,0,0,0,0,0,0,0,0,0,0,0,0,0,0,0,0,0,0,0,0,0,0,0,0,0,0,0,0,0,0,0,0,0,0,0,0,0,0,0,0,0,0,0,0,0,0,0,0,0,0,0,0,0,0,0,0,0,0,0,0,0,0,0,0,0,0,0,0,0,0,0,0,0,0,0,0,0,0,0,0,0,0,0,0,0,0,0,0,0,0,0,0,0,0,0,0,0,0,0,0,0,0,0,0,0,0,0,0,0,0,0,0,0,0,0,0,0,0,0,0,0,0,0,0,0,0,0,0,0,0,0,0,0,0,0,0,0,0,0,0,0,0,0,0,0,0,0,0,0,0,0,0,0,0,0,0,0,0,0,0,0,0,0,0,0,0,0,0,0,0,0,0,0,0,0,0,0,0,0,0,0,0,0,0,0,0,0,0,0,0,0,0,0,0,0,0,0,0,0,0,0,0,0,0,0,0,0,0,0],[0,0,0,0,0,0,0,0,0,0,0,0,0,0,0,0,0,0,0,0,0,0,0,0,0,0,0,0,0,0,0,0,0,0,0,0,0,0,0,0,0,0,0,0,0,0,0,0,0,0,0,0,0,0,0,0,0,0,0,0,0,0,0,0,0,0,0,0,0,0,0,0,0,0,0,0,0,0,0,0,0,0,0,0,0,0,0,0,0,0,0,0,0,0,0,0,0,0,0,0,0,0,0,0,0,0,0,0,0,0,0,0,0,0,0,0,0,0,0,0,0,0,0,0,0,0,0,0,0,0,0,0,0,0,0,0,0,0,0,0,0,0,0,0,0,0,0,0,0,0,0,0,0,0,0,0,0,0,0,0,0,0,0,0,0,0,0,0,0,0,0,0,0,0,0,0,0,0,0,0,0,0,0,0,0,0,0,0,0,0,0,0,0,0,0,0,0,0,0,0,0,0,0,0,0,0,0,0,0,0,0,0,0,0,0,0,0,0,0,0,0,0,0,0,0,0,0,0,0,0,0,0,0,0,0,0,0,0,0,0,0,0,0,0,0,0,0,0,0,0,0,0,0,0,0,0],[0,0,0,0,0,0,0,0,0,0,0,0,0,0,0,0,0,0,0,0,0,0,0,0,0,0,0,0,0,0,0,0,0,0,0,0,0,0,0,0,0,0,0,0,0,0,0,0,0,0,0,0,0,0,0,0,0,0,0,0,0,0,0,0,0,0,0,0,0,0,0,0,0,0,0,0,0,0,0,0,0,0,0,0,0,0,0,0,0,0,0,0,0,0,0,0,0,0,0,0,0,0,0,0,0,0,0,0,0,0,0,0,0,0,0,0,0,0,0,0,0,0,0,0,0,0,0,0,0,0,0,0,0,0,0,0,0,0,0,0,0,0,0,0,0,0,0,0,0,0,0,0,0,0,0,0,0,0,0,0,0,0,0,0,0,0,0,0,0,0,0,0,0,0,0,0,0,0,0,0,0,0,0,0,0,0,0,0,0,0,0,0,0,0,0,0,0,0,0,0,0,0,0,0,0,0,0,0,0,0,0,0,0,0,0,0,0,0,0,0,0,0,0,0,0,0,0,0,0,0,0,0,0,0,0,0,0,0,0,0,0,0,0,0,0,0,0,0,0,0,0,0,0,0,0,0],[0,0,0,0,0,0,0,0,0,0,0,0,0,0,0,0,0,0,0,0,0,0,0,0,0,0,0,0,0,0,0,0,0,0,0,0,0,0,0,0,0,0,0,0,0,0,0,0,0,0,0,0,0,0,0,0,0,0,0,0,0,0,0,0,0,0,0,0,0,0,0,0,0,0,0,0,0,0,0,0,0,0,0,0,0,0,0,0,0,0,0,0,0,0,0,0,0,0,0,0,0,0,0,0,0,0,0,0,0,0,0,0,0,0,0,0,0,0,0,0,0,0,0,0,0,0,0,0,0,0,0,0,0,0,0,0,0,0,0,0,0,0,0,0,0,0,0,0,0,0,0,0,0,0,0,0,0,0,0,0,0,0,0,0,0,0,0,0,0,0,0,0,0,0,0,0,0,0,0,0,0,0,0,0,0,0,0,0,0,0,0,0,0,0,0,0,0,0,0,0,0,0,0,0,0,0,0,0,0,0,0,0,0,0,0,0,0,0,0,0,0,0,0,0,0,0,0,0,0,0,0,0,0,0,0,0,0,0,0,0,0,0,0,0,0,0,0,0,0,0,0,0,0,0,0,0],[0,0,0,0,0,0,0,0,0,0,0,0,0,0,0,0,0,0,0,0,0,0,0,0,0,0,0,0,0,0,0,0,0,0,0,0,0,0,0,0,0,0,0,0,0,0,0,0,0,0,0,0,0,0,0,0,0,0,0,0,0,0,0,0,0,0,0,0,0,0,0,0,0,0,0,0,0,0,0,0,0,0,0,0,0,0,0,0,0,0,0,0,0,0,0,0,0,0,0,0,0,0,0,0,0,0,0,0,0,0,0,0,0,0,0,0,0,0,0,0,0,0,0,0,0,0,0,0,0,0,0,0,0,0,0,0,0,0,0,0,0,0,0,0,0,0,0,0,0,0,0,0,0,0,0,0,0,0,0,0,0,0,0,0,0,0,0,0,0,0,0,0,0,0,0,0,0,0,0,0,0,0,0,0,0,0,0,0,0,0,0,0,0,0,0,0,0,0,0,0,0,0,0,0,0,0,0,0,0,0,0,0,0,0,0,0,0,0,0,0,0,0,0,0,0,0,0,0,0,0,0,0,0,0,0,0,0,0,0,0,0,0,0,0,0,0,0,0,0,0,0,0,0,0,0,0],[0,0,0,0,0,0,0,0,0,0,0,0,0,0,0,0,0,0,0,0,0,0,0,0,0,0,0,0,0,0,0,0,0,0,0,0,0,0,0,0,0,0,0,0,0,0,0,0,0,0,0,0,0,0,0,0,0,0,0,0,0,0,0,0,0,0,0,0,0,0,0,0,0,0,0,0,0,0,0,0,0,0,0,0,0,0,0,0,0,0,0,0,0,0,0,0,0,0,0,0,0,0,0,0,0,0,0,0,0,0,0,0,0,0,0,0,0,0,0,0,0,0,0,0,0,0,0,0,0,0,0,0,0,0,0,0,0,0,0,0,0,0,0,0,0,0,0,0,0,0,0,0,0,0,0,0,0,0,0,0,0,0,0,0,0,0,0,0,0,0,0,0,0,0,0,0,0,0,0,0,0,0,0,0,0,0,0,0,0,0,0,0,0,0,0,0,0,0,0,0,0,0,0,0,0,0,0,0,0,0,0,0,0,0,0,0,0,0,0,0,0,0,0,0,0,0,0,0,0,0,0,0,0,0,0,0,0,0,0,0,0,0,0,0,0,0,0,0,0,0,0,0,0,0,0,0],[0,0,0,0,0,0,0,0,0,0,0,0,0,0,0,0,0,0,0,0,0,0,0,0,0,0,0,0,0,0,0,0,0,0,0,0,0,0,0,0,0,0,0,0,0,0,0,0,0,0,0,0,0,0,0,0,0,0,0,0,0,0,0,0,0,0,0,0,0,0,0,0,0,0,0,0,0,0,0,0,0,0,0,0,0,0,0,0,0,0,0,0,0,0,0,0,0,0,0,0,0,0,0,0,0,0,0,0,0,0,0,0,0,0,0,0,0,0,0,0,0,0,0,0,0,0,0,0,0,0,0,0,0,0,0,0,0,0,0,0,0,0,0,0,0,0,0,0,0,0,0,0,0,0,0,0,0,0,0,0,0,0,0,0,0,0,0,0,0,0,0,0,0,0,0,0,0,0,0,0,0,0,0,0,0,0,0,0,0,0,0,0,0,0,0,0,0,0,0,0,0,0,0,0,0,0,0,0,0,0,0,0,0,0,0,0,0,0,0,0,0,0,0,0,0,0,0,0,0,0,0,0,0,0,0,0,0,0,0,0,0,0,0,0,0,0,0,0,0,0,0,0,0,0,0,0],[0,0,0,0,0,0,0,0,0,0,0,0,0,0,0,0,0,0,0,0,0,0,0,0,0,0,0,0,0,0,0,0,0,0,0,0,0,0,0,0,0,0,0,0,0,0,0,0,0,0,0,0,0,0,0,0,0,0,0,0,0,0,0,0,0,0,0,0,0,0,0,0,0,0,0,0,0,0,0,0,0,0,0,0,0,0,0,0,0,0,0,0,0,0,0,0,0,0,0,0,0,0,0,0,0,0,0,0,0,0,0,0,0,0,0,0,0,0,0,0,0,0,0,0,0,0,0,0,0,0,0,0,0,0,0,0,0,0,0,0,0,0,0,0,0,0,0,0,0,0,0,0,0,0,0,0,0,0,0,0,0,0,0,0,0,0,0,0,0,0,0,0,0,0,0,0,0,0,0,0,0,0,0,0,0,0,0,0,0,0,0,0,0,0,0,0,0,0,0,0,0,0,0,0,0,0,0,0,0,0,0,0,0,0,0,0,0,0,0,0,0,0,0,0,0,0,0,0,0,0,0,0,0,0,0,0,0,0,0,0,0,0,0,0,0,0,0,0,0,0,0,0,0,0,0,0],[0,0,0,0,0,0,0,0,0,0,0,0,0,0,0,0,0,0,0,0,0,0,0,0,0,0,0,0,0,0,0,0,0,0,0,0,0,0,0,0,0,0,0,0,0,0,0,0,0,0,0,0,0,0,0,0,0,0,0,0,0,0,0,0,0,0,0,0,0,0,0,0,0,0,0,0,0,0,0,0,0,0,0,0,0,0,0,0,0,0,0,0,0,0,0,0,0,0,0,0,0,0,0,0,0,0,0,0,0,0,0,0,0,0,0,0,0,0,0,0,0,0,0,0,0,0,0,0,0,0,0,0,0,0,0,0,0,0,0,0,0,0,0,0,0,0,0,0,0,0,0,0,0,0,0,0,0,0,0,0,0,0,0,0,0,0,0,0,0,0,0,0,0,0,0,0,0,0,0,0,0,0,0,0,0,0,0,0,0,0,0,0,0,0,0,0,0,0,0,0,0,0,0,0,0,0,0,0,0,0,0,0,0,0,0,0,0,0,0,0,0,0,0,0,0,0,0,0,0,0,0,0,0,0,0,0,0,0,0,0,0,0,0,0,0,0,0,0,0,0,0,0,0,0,0,0],[0,0,0,0,0,0,0,0,0,0,0,0,0,0,0,0,0,0,0,0,0,0,0,0,0,0,0,0,0,0,0,0,0,0,0,0,0,0,0,0,0,0,0,0,0,0,0,0,0,0,0,0,0,0,0,0,0,0,0,0,0,0,0,0,0,0,0,0,0,0,0,0,0,0,0,0,0,0,0,0,0,0,0,0,0,0,0,0,0,0,0,0,0,0,0,0,0,0,0,0,0,0,0,0,0,0,0,0,0,0,0,0,0,0,0,0,0,0,0,0,0,0,0,0,0,0,0,0,0,0,0,0,0,0,0,0,0,0,0,0,0,0,0,0,0,0,0,0,0,0,0,0,0,0,0,0,0,0,0,0,0,0,0,0,0,0,0,0,0,0,0,0,0,0,0,0,0,0,0,0,0,0,0,0,0,0,0,0,0,0,0,0,0,0,0,0,0,0,0,0,0,0,0,0,0,0,0,0,0,0,0,0,0,0,0,0,0,0,0,0,0,0,0,0,0,0,0,0,0,0,0,0,0,0,0,0,0,0,0,0,0,0,0,0,0,0,0,0,0,0,0,0,0,0,0,0],[0,0,0,0,0,0,0,0,0,0,0,0,0,0,0,0,0,0,0,0,0,0,0,0,0,0,0,0,0,0,0,0,0,0,0,0,0,0,0,0,0,0,0,0,0,0,0,0,0,0,0,0,0,0,0,0,0,0,0,0,0,0,0,0,0,0,0,0,0,0,0,0,0,0,0,0,0,0,0,0,0,0,0,0,0,0,0,0,0,0,0,0,0,0,0,0,0,0,0,0,0,0,0,0,0,0,0,0,0,0,0,0,0,0,0,0,0,0,0,0,0,0,0,0,0,0,0,0,0,0,0,0,0,0,0,0,0,0,0,0,0,0,0,0,0,0,0,0,0,0,0,0,0,0,0,0,0,0,0,0,0,0,0,0,0,0,0,0,0,0,0,0,0,0,0,0,0,0,0,0,0,0,0,0,0,0,0,0,0,0,0,0,0,0,0,0,0,0,0,0,0,0,0,0,0,0,0,0,0,0,0,0,0,0,0,0,0,0,0,0,0,0,0,0,0,0,0,0,0,0,0,0,0,0,0,0,0,0,0,0,0,0,0,0,0,0,0,0,0,0,0,0,0,0,0,0],[0,0,0,0,0,0,0,0,0,0,0,0,0,0,0,0,0,0,0,0,0,0,0,0,0,0,0,0,0,0,0,0,0,0,0,0,0,0,0,0,0,0,0,0,0,0,0,0,0,0,0,0,0,0,0,0,0,0,0,0,0,0,0,0,0,0,0,0,0,0,0,0,0,0,0,0,0,0,0,0,0,0,0,0,0,0,0,0,0,0,0,0,0,0,0,0,0,0,0,0,0,0,0,0,0,0,0,0,0,0,0,0,0,0,0,0,0,0,0,0,0,0,0,0,0,0,0,0,0,0,0,0,0,0,0,0,0,0,0,0,0,0,0,0,0,0,0,0,0,0,0,0,0,0,0,0,0,0,0,0,0,0,0,0,0,0,0,0,0,0,0,0,0,0,0,0,0,0,0,0,0,0,0,0,0,0,0,0,0,0,0,0,0,0,0,0,0,0,0,0,0,0,0,0,0,0,0,0,0,0,0,0,0,0,0,0,0,0,0,0,0,0,0,0,0,0,0,0,0,0,0,0,0,0,0,0,0,0,0,0,0,0,0,0,0,0,0,0,0,0,0,0,0,0,0,0],[0,0,0,0,0,0,0,0,0,0,0,0,0,0,0,0,0,0,0,0,0,0,0,0,0,0,0,0,0,0,0,0,0,0,0,0,0,0,0,0,0,0,0,0,0,0,0,0,0,0,0,0,0,0,0,0,0,0,0,0,0,0,0,0,0,0,0,0,0,0,0,0,0,0,0,0,0,0,0,0,0,0,0,0,0,0,0,0,0,0,0,0,0,0,0,0,0,0,0,0,0,0,0,0,0,0,0,0,0,0,0,0,0,0,0,0,0,0,0,0,0,0,0,0,0,0,0,0,0,0,0,0,0,0,0,0,0,0,0,0,0,0,0,0,0,0,0,0,0,0,0,0,0,0,0,0,0,0,0,0,0,0,0,0,0,0,0,0,0,0,0,0,0,0,0,0,0,0,0,0,0,0,0,0,0,0,0,0,0,0,0,0,0,0,0,0,0,0,0,0,0,0,0,0,0,0,0,0,0,0,0,0,0,0,0,0,0,0,0,0,0,0,0,0,0,0,0,0,0,0,0,0,0,0,0,0,0,0,0,0,0,0,0,0,0,0,0,0,0,0,0,0,0,0,0,0],[0,0,0,0,0,0,0,0,0,0,0,0,0,0,0,0,0,0,0,0,0,0,0,0,0,0,0,0,0,0,0,0,0,0,0,0,0,0,0,0,0,0,0,0,0,0,0,0,0,0,0,0,0,0,0,0,0,0,0,0,0,0,0,0,0,0,0,0,0,0,0,0,0,0,0,0,0,0,0,0,0,0,0,0,0,0,0,0,0,0,0,0,0,0,0,0,0,0,0,0,0,0,0,0,0,0,0,0,0,0,0,0,0,0,0,0,0,0,0,0,0,0,0,0,0,0,0,0,0,0,0,0,0,0,0,0,0,0,0,0,0,0,0,0,0,0,0,0,0,0,0,0,0,0,0,0,0,0,0,0,0,0,0,0,0,0,0,0,0,0,0,0,0,0,0,0,0,0,0,0,0,0,0,0,0,0,0,0,0,0,0,0,0,0,0,0,0,0,0,0,0,0,0,0,0,0,0,0,0,0,0,0,0,0,0,0,0,0,0,0,0,0,0,0,0,0,0,0,0,0,0,0,0,0,0,0,0,0,0,0,0,0,0,0,0,0,0,0,0,0,0,0,0,0,0,0],[0,0,0,0,0,0,0,0,0,0,0,0,0,0,0,0,0,0,0,0,0,0,0,0,0,0,0,0,0,0,0,0,0,0,0,0,0,0,0,0,0,0,0,0,0,0,0,0,0,0,0,0,0,0,0,0,0,0,0,0,0,0,0,0,0,0,0,0,0,0,0,0,0,0,0,0,0,0,0,0,0,0,0,0,0,0,0,0,0,0,0,0,0,0,0,0,0,0,0,0,0,0,0,0,0,0,0,0,0,0,0,0,0,0,0,0,0,0,0,0,0,0,0,0,0,0,0,0,0,0,0,0,0,0,0,0,0,0,0,0,0,0,0,0,0,0,0,0,0,0,0,0,0,0,0,0,0,0,0,0,0,0,0,0,0,0,0,0,0,0,0,0,0,0,0,0,0,0,0,0,0,0,0,0,0,0,0,0,0,0,0,0,0,0,0,0,0,0,0,0,0,0,0,0,0,0,0,0,0,0,0,0,0,0,0,0,0,0,0,0,0,0,0,0,0,0,0,0,0,0,0,0,0,0,0,0,0,0,0,0,0,0,0,0,0,0,0,0,0,0,0,0,0,0,0,0],[0,0,0,0,0,0,0,0,0,0,0,0,0,0,0,0,0,0,0,0,0,0,0,0,0,0,0,0,0,0,0,0,0,0,0,0,0,0,0,0,0,0,0,0,0,0,0,0,0,0,0,0,0,0,0,0,0,0,0,0,0,0,0,0,0,0,0,0,0,0,0,0,0,0,0,0,0,0,0,0,0,0,0,0,0,0,0,0,0,0,0,0,0,0,0,0,0,0,0,0,0,0,0,0,0,0,0,0,0,0,0,0,0,0,0,0,0,0,0,0,0,0,0,0,0,0,0,0,0,0,0,0,0,0,0,0,0,0,0,0,0,0,0,0,0,0,0,0,0,0,0,0,0,0,0,0,0,0,0,0,0,0,0,0,0,0,0,0,0,0,0,0,0,0,0,0,0,0,0,0,0,0,0,0,0,0,0,0,0,0,0,0,0,0,0,0,0,0,0,0,0,0,0,0,0,0,0,0,0,0,0,0,0,0,0,0,0,0,0,0,0,0,0,0,0,0,0,0,0,0,0,0,0,0,0,0,0,0,0,0,0,0,0,0,0,0,0,0,0,0,0,0,0,0,0,0],[0,0,0,0,0,0,0,0,0,0,0,0,0,0,0,0,0,0,0,0,0,0,0,0,0,0,0,0,0,0,0,0,0,0,0,0,0,0,0,0,0,0,0,0,0,0,0,0,0,0,0,0,0,0,0,0,0,0,0,0,0,0,0,0,0,0,0,0,0,0,0,0,0,0,0,0,0,0,0,0,0,0,0,0,0,0,0,0,0,0,0,0,0,0,0,0,0,0,0,0,0,0,0,0,0,0,0,0,0,0,0,0,0,0,0,0,0,0,0,0,0,0,0,0,0,0,0,0,0,0,0,0,0,0,0,0,0,0,0,0,0,0,0,0,0,0,0,0,0,0,0,0,0,0,0,0,0,0,0,0,0,0,0,0,0,0,0,0,0,0,0,0,0,0,0,0,0,0,0,0,0,0,0,0,0,0,0,0,0,0,0,0,0,0,0,0,0,0,0,0,0,0,0,0,0,0,0,0,0,0,0,0,0,0,0,0,0,0,0,0,0,0,0,0,0,0,0,0,0,0,0,0,0,0,0,0,0,0,0,0,0,0,0,0,0,0,0,0,0,0,0,0,0,0,0,0],[0,0,0,0,0,0,0,0,0,0,0,0,0,0,0,0,0,0,0,0,0,0,0,0,0,0,0,0,0,0,0,0,0,0,0,0,0,0,0,0,0,0,0,0,0,0,0,0,0,0,0,0,0,0,0,0,0,0,0,0,0,0,0,0,0,0,0,0,0,0,0,0,0,0,0,0,0,0,0,0,0,0,0,0,0,0,0,0,0,0,0,0,0,0,0,0,0,0,0,0,0,0,0,0,0,0,0,0,0,0,0,0,0,0,0,0,0,0,0,0,0,0,0,0,0,0,0,0,0,0,0,0,0,0,0,0,0,0,0,0,0,0,0,0,0,0,0,0,0,0,0,0,0,0,0,0,0,0,0,0,0,0,0,0,0,0,0,0,0,0,0,0,0,0,0,0,0,0,0,0,0,0,0,0,0,0,0,0,0,0,0,0,0,0,0,0,0,0,0,0,0,0,0,0,0,0,0,0,0,0,0,0,0,0,0,0,0,0,0,0,0,0,0,0,0,0,0,0,0,0,0,0,0,0,0,0,0,0,0,0,0,0,0,0,0,0,0,0,0,0,0,0,0,0,0,0],[0,0,0,0,0,0,0,0,0,0,0,0,0,0,0,0,0,0,0,0,0,0,0,0,0,0,0,0,0,0,0,0,0,0,0,0,0,0,0,0,0,0,0,0,0,0,0,0,0,0,0,0,0,0,0,0,0,0,0,0,0,0,0,0,0,0,0,0,0,0,0,0,0,0,0,0,0,0,0,0,0,0,0,0,0,0,0,0,0,0,0,0,0,0,0,0,0,0,0,0,0,0,0,0,0,0,0,0,0,0,0,0,0,0,0,0,0,0,0,0,0,0,0,0,0,0,0,0,0,0,0,0,0,0,0,0,0,0,0,0,0,0,0,0,0,0,0,0,0,0,0,0,0,0,0,0,0,0,0,0,0,0,0,0,0,0,0,0,0,0,0,0,0,0,0,0,0,0,0,0,0,0,0,0,0,0,0,0,0,0,0,0,0,0,0,0,0,0,0,0,0,0,0,0,0,0,0,0,0,0,0,0,0,0,0,0,0,0,0,0,0,0,0,0,0,0,0,0,0,0,0,0,0,0,0,0,0,0,0,0,0,0,0,0,0,0,0,0,0,0,0,0,0,0,0,0],[0,0,0,0,0,0,0,0,0,0,0,0,0,0,0,0,0,0,0,0,0,0,0,0,0,0,0,0,0,0,0,0,0,0,0,0,0,0,0,0,0,0,0,0,0,0,0,0,0,0,0,0,0,0,0,0,0,0,0,0,0,0,0,0,0,0,0,0,0,0,0,0,0,0,0,0,0,0,0,0,0,0,0,0,0,0,0,0,0,0,0,0,0,0,0,0,0,0,0,0,0,0,0,0,0,0,0,0,0,0,0,0,0,0,0,0,0,0,0,0,0,0,0,0,0,0,0,0,0,0,0,0,0,0,0,0,0,0,0,0,0,0,0,0,0,0,0,0,0,0,0,0,0,0,0,0,0,0,0,0,0,0,0,0,0,0,0,0,0,0,0,0,0,0,0,0,0,0,0,0,0,0,0,0,0,0,0,0,0,0,0,0,0,0,0,0,0,0,0,0,0,0,0,0,0,0,0,0,0,0,0,0,0,0,0,0,0,0,0,0,0,0,0,0,0,0,0,0,0,0,0,0,0,0,0,0,0,0,0,0,0,0,0,0,0,0,0,0,0,0,0,0,0,0,0,0],[0,0,0,0,0,0,0,0,0,0,0,0,0,0,0,0,0,0,0,0,0,0,0,0,0,0,0,0,0,0,0,0,0,0,0,0,0,0,0,0,0,0,0,0,0,0,0,0,0,0,0,0,0,0,0,0,0,0,0,0,0,0,0,0,0,0,0,0,0,0,0,0,0,0,0,0,0,0,0,0,0,0,0,0,0,0,0,0,0,0,0,0,0,0,0,0,0,0,0,0,0,0,0,0,0,0,0,0,0,0,0,0,0,0,0,0,0,0,0,0,0,0,0,0,0,0,0,0,0,0,0,0,0,0,0,0,0,0,0,0,0,0,0,0,0,0,0,0,0,0,0,0,0,0,0,0,0,0,0,0,0,0,0,0,0,0,0,0,0,0,0,0,0,0,0,0,0,0,0,0,0,0,0,0,0,0,0,0,0,0,0,0,0,0,0,0,0,0,0,0,0,0,0,0,0,0,0,0,0,0,0,0,0,0,0,0,0,0,0,0,0,0,0,0,0,0,0,0,0,0,0,0,0,0,0,0,0,0,0,0,0,0,0,0,0,0,0,0,0,0,0,0,0,0,0,0],[0,0,0,0,0,0,0,0,0,0,0,0,0,0,0,0,0,0,0,0,0,0,0,0,0,0,0,0,0,0,0,0,0,0,0,0,0,0,0,0,0,0,0,0,0,0,0,0,0,0,0,0,0,0,0,0,0,0,0,0,0,0,0,0,0,0,0,0,0,0,0,0,0,0,0,0,0,0,0,0,0,0,0,0,0,0,0,0,0,0,0,0,0,0,0,0,0,0,0,0,0,0,0,0,0,0,0,0,0,0,0,0,0,0,0,0,0,0,0,0,0,0,0,0,0,0,0,0,0,0,0,0,0,0,0,0,0,0,0,0,0,0,0,0,0,0,0,0,0,0,0,0,0,0,0,0,0,0,0,0,0,0,0,0,0,0,0,0,0,0,0,0,0,0,0,0,0,0,0,0,0,0,0,0,0,0,0,0,0,0,0,0,0,0,0,0,0,0,0,0,0,0,0,0,0,0,0,0,0,0,0,0,0,0,0,0,0,0,0,0,0,0,0,0,0,0,0,0,0,0,0,0,0,0,0,0,0,0,0,0,0,0,0,0,0,0,0,0,0,0,0,0,0,0,0,0],[0,0,0,0,0,0,0,0,0,0,0,0,0,0,0,0,0,0,0,0,0,0,0,0,0,0,0,0,0,0,0,0,0,0,0,0,0,0,0,0,0,0,0,0,0,0,0,0,0,0,0,0,0,0,0,0,0,0,0,0,0,0,0,0,0,0,0,0,0,0,0,0,0,0,0,0,0,0,0,0,0,0,0,0,0,0,0,0,0,0,0,0,0,0,0,0,0,0,0,0,0,0,0,0,0,0,0,0,0,0,0,0,0,0,0,0,0,0,0,0,0,0,0,0,0,0,0,0,0,0,0,0,0,0,0,0,0,0,0,0,0,0,0,0,0,0,0,0,0,0,0,0,0,0,0,0,0,0,0,0,0,0,0,0,0,0,0,0,0,0,0,0,0,0,0,0,0,0,0,0,0,0,0,0,0,0,0,0,0,0,0,0,0,0,0,0,0,0,0,0,0,0,0,0,0,0,0,0,0,0,0,0,0,0,0,0,0,0,0,0,0,0,0,0,0,0,0,0,0,0,0,0,0,0,0,0,0,0,0,0,0,0,0,0,0,0,0,0,0,0,0,0,0,0,0,0],[0,0,0,0,0,0,0,0,0,0,0,0,0,0,0,0,0,0,0,0,0,0,0,0,0,0,0,0,0,0,0,0,0,0,0,0,0,0,0,0,0,0,0,0,0,0,0,0,0,0,0,0,0,0,0,0,0,0,0,0,0,0,0,0,0,0,0,0,0,0,0,0,0,0,0,0,0,0,0,0,0,0,0,0,0,0,0,0,0,0,0,0,0,0,0,0,0,0,0,0,0,0,0,0,0,0,0,0,0,0,0,0,0,0,0,0,0,0,0,0,0,0,0,0,0,0,0,0,0,0,0,0,0,0,0,0,0,0,0,0,0,0,0,0,0,0,0,0,0,0,0,0,0,0,0,0,0,0,0,0,0,0,0,0,0,0,0,0,0,0,0,0,0,0,0,0,0,0,0,0,0,0,0,0,0,0,0,0,0,0,0,0,0,0,0,0,0,0,0,0,0,0,0,0,0,0,0,0,0,0,0,0,0,0,0,0,0,0,0,0,0,0,0,0,0,0,0,0,0,0,0,0,0,0,0,0,0,0,0,0,0,0,0,0,0,0,0,0,0,0,0,0,0,0,0,0],[0,0,0,0,0,0,0,0,0,0,0,0,0,0,0,0,0,0,0,0,0,0,0,0,0,0,0,0,0,0,0,0,0,0,0,0,0,0,0,0,0,0,0,0,0,0,0,0,0,0,0,0,0,0,0,0,0,0,0,0,0,0,0,0,0,0,0,0,0,0,0,0,0,0,0,0,0,0,0,0,0,0,0,0,0,0,0,0,0,0,0,0,0,0,0,0,0,0,0,0,0,0,0,0,0,0,0,0,0,0,0,0,0,0,0,0,0,0,0,0,0,0,0,0,0,0,0,0,0,0,0,0,0,0,0,0,0,0,0,0,0,0,0,0,0,0,0,0,0,0,0,0,0,0,0,0,0,0,0,0,0,0,0,0,0,0,0,0,0,0,0,0,0,0,0,0,0,0,0,0,0,0,0,0,0,0,0,0,0,0,0,0,0,0,0,0,0,0,0,0,0,0,0,0,0,0,0,0,0,0,0,0,0,0,0,0,0,0,0,0,0,0,0,0,0,0,0,0,0,0,0,0,0,0,0,0,0,0,0,0,0,0,0,0,0,0,0,0,0,0,0,0,0,0,0,0],[0,0,0,0,0,0,0,0,0,0,0,0,0,0,0,0,0,0,0,0,0,0,0,0,0,0,0,0,0,0,0,0,0,0,0,0,0,0,0,0,0,0,0,0,0,0,0,0,0,0,0,0,0,0,0,0,0,0,0,0,0,0,0,0,0,0,0,0,0,0,0,0,0,0,0,0,0,0,0,0,0,0,0,0,0,0,0,0,0,0,0,0,0,0,0,0,0,0,0,0,0,0,0,0,0,0,0,0,0,0,0,0,0,0,0,0,0,0,0,0,0,0,0,0,0,0,0,0,0,0,0,0,0,0,0,0,0,0,0,0,0,0,0,0,0,0,0,0,0,0,0,0,0,0,0,0,0,0,0,0,0,0,0,0,0,0,0,0,0,0,0,0,0,0,0,0,0,0,0,0,0,0,0,0,0,0,0,0,0,0,0,0,0,0,0,0,0,0,0,0,0,0,0,0,0,0,0,0,0,0,0,0,0,0,0,0,0,0,0,0,0,0,0,0,0,0,0,0,0,0,0,0,0,0,0,0,0,0,0,0,0,0,0,0,0,0,0,0,0,0,0,0,0,0,0,0],[0,0,0,0,0,0,0,0,0,0,0,0,0,0,0,0,0,0,0,0,0,0,0,0,0,0,0,0,0,0,0,0,0,0,0,0,0,0,0,0,0,0,0,0,0,0,0,0,0,0,0,0,0,0,0,0,0,0,0,0,0,0,0,0,0,0,0,0,0,0,0,0,0,0,0,0,0,0,0,0,0,0,0,0,0,0,0,0,0,0,0,0,0,0,0,0,0,0,0,0,0,0,0,0,0,0,0,0,0,0,0,0,0,0,0,0,0,0,0,0,0,0,0,0,0,0,0,0,0,0,0,0,0,0,0,0,0,0,0,0,0,0,0,0,0,0,0,0,0,0,0,0,0,0,0,0,0,0,0,0,0,0,0,0,0,0,0,0,0,0,0,0,0,0,0,0,0,0,0,0,0,0,0,0,0,0,0,0,0,0,0,0,0,0,0,0,0,0,0,0,0,0,0,0,0,0,0,0,0,0,0,0,0,0,0,0,0,0,0,0,0,0,0,0,0,0,0,0,0,0,0,0,0,0,0,0,0,0,0,0,0,0,0,0,0,0,0,0,0,0,0,0,0,0,0,0],[0,0,0,0,0,0,0,0,0,0,0,0,0,0,0,0,0,0,0,0,0,0,0,0,0,0,0,0,0,0,0,0,0,0,0,0,0,0,0,0,0,0,0,0,0,0,0,0,0,0,0,0,0,0,0,0,0,0,0,0,0,0,0,0,0,0,0,0,0,0,0,0,0,0,0,0,0,0,0,0,0,0,0,0,0,0,0,0,0,0,0,0,0,0,0,0,0,0,0,0,0,0,0,0,0,0,0,0,0,0,0,0,0,0,0,0,0,0,0,0,0,0,0,0,0,0,0,0,0,0,0,0,0,0,0,0,0,0,0,0,0,0,0,0,0,0,0,0,0,0,0,0,0,0,0,0,0,0,0,0,0,0,0,0,0,0,0,0,0,0,0,0,0,0,0,0,0,0,0,0,0,0,0,0,0,0,0,0,0,0,0,0,0,0,0,0,0,0,0,0,0,0,0,0,0,0,0,0,0,0,0,0,0,0,0,0,0,0,0,0,0,0,0,0,0,0,0,0,0,0,0,0,0,0,0,0,0,0,0,0,0,0,0,0,0,0,0,0,0,0,0,0,0,0,0,0],[0,0,0,0,0,0,0,0,0,0,0,0,0,0,0,0,0,0,0,0,0,0,0,0,0,0,0,0,0,0,0,0,0,0,0,0,0,0,0,0,0,0,0,0,0,0,0,0,0,0,0,0,0,0,0,0,0,0,0,0,0,0,0,0,0,0,0,0,0,0,0,0,0,0,0,0,0,0,0,0,0,0,0,0,0,0,0,0,0,0,0,0,0,0,0,0,0,0,0,0,0,0,0,0,0,0,0,0,0,0,0,0,0,0,0,0,0,0,0,0,0,0,0,0,0,0,0,0,0,0,0,0,0,0,0,0,0,0,0,0,0,0,0,0,0,0,0,0,0,0,0,0,0,0,0,0,0,0,0,0,0,0,0,0,0,0,0,0,0,0,0,0,0,0,0,0,0,0,0,0,0,0,0,0,0,0,0,0,0,0,0,0,0,0,0,0,0,0,0,0,0,0,0,0,0,0,0,0,0,0,0,0,0,0,0,0,0,0,0,0,0,0,0,0,0,0,0,0,0,0,0,0,0,0,0,0,0,0,0,0,0,0,0,0,0,0,0,0,0,0,0,0,0,0,0,0],[0,0,0,0,0,0,0,0,0,0,0,0,0,0,0,0,0,0,0,0,0,0,0,0,0,0,0,0,0,0,0,0,0,0,0,0,0,0,0,0,0,0,0,0,0,0,0,0,0,0,0,0,0,0,0,0,0,0,0,0,0,0,0,0,0,0,0,0,0,0,0,0,0,0,0,0,0,0,0,0,0,0,0,0,0,0,0,0,0,0,0,0,0,0,0,0,0,0,0,0,0,0,0,0,0,0,0,0,0,0,0,0,0,0,0,0,0,0,0,0,0,0,0,0,0,0,0,0,0,0,0,0,0,0,0,0,0,0,0,0,0,0,0,0,0,0,0,0,0,0,0,0,0,0,0,0,0,0,0,0,0,0,0,0,0,0,0,0,0,0,0,0,0,0,0,0,0,0,0,0,0,0,0,0,0,0,0,0,0,0,0,0,0,0,0,0,0,0,0,0,0,0,0,0,0,0,0,0,0,0,0,0,0,0,0,0,0,0,0,0,0,0,0,0,0,0,0,0,0,0,0,0,0,0,0,0,0,0,0,0,0,0,0,0,0,0,0,0,0,0,0,0,0,0,0,0],[0,0,0,0,0,0,0,0,0,0,0,0,0,0,0,0,0,0,0,0,0,0,0,0,0,0,0,0,0,0,0,0,0,0,0,0,0,0,0,0,0,0,0,0,0,0,0,0,0,0,0,0,0,0,0,0,0,0,0,0,0,0,0,0,0,0,0,0,0,0,0,0,0,0,0,0,0,0,0,0,0,0,0,0,0,0,0,0,0,0,0,0,0,0,0,0,0,0,0,0,0,0,0,0,0,0,0,0,0,0,0,0,0,0,0,0,0,0,0,0,0,0,0,0,0,0,0,0,0,0,0,0,0,0,0,0,0,0,0,0,0,0,0,0,0,0,0,0,0,0,0,0,0,0,0,0,0,0,0,0,0,0,0,0,0,0,0,0,0,0,0,0,0,0,0,0,0,0,0,0,0,0,0,0,0,0,0,0,0,0,0,0,0,0,0,0,0,0,0,0,0,0,0,0,0,0,0,0,0,0,0,0,0,0,0,0,0,0,0,0,0,0,0,0,0,0,0,0,0,0,0,0,0,0,0,0,0,0,0,0,0,0,0,0,0,0,0,0,0,0,0,0,0,0,0,0],[0,0,0,0,0,0,0,0,0,0,0,0,0,0,0,0,0,0,0,0,0,0,0,0,0,0,0,0,0,0,0,0,0,0,0,0,0,0,0,0,0,0,0,0,0,0,0,0,0,0,0,0,0,0,0,0,0,0,0,0,0,0,0,0,0,0,0,0,0,0,0,0,0,0,0,0,0,0,0,0,0,0,0,0,0,0,0,0,0,0,0,0,0,0,0,0,0,0,0,0,0,0,0,0,0,0,0,0,0,0,0,0,0,0,0,0,0,0,0,0,0,0,0,0,0,0,0,0,0,0,0,0,0,0,0,0,0,0,0,0,0,0,0,0,0,0,0,0,0,0,0,0,0,0,0,0,0,0,0,0,0,0,0,0,0,0,0,0,0,0,0,0,0,0,0,0,0,0,0,0,0,0,0,0,0,0,0,0,0,0,0,0,0,0,0,0,0,0,0,0,0,0,0,0,0,0,0,0,0,0,0,0,0,0,0,0,0,0,0,0,0,0,0,0,0,0,0,0,0,0,0,0,0,0,0,0,0,0,0,0,0,0,0,0,0,0,0,0,0,0,0,0,0,0,0,0],[0,0,0,0,0,0,0,0,0,0,0,0,0,0,0,0,0,0,0,0,0,0,0,0,0,0,0,0,0,0,0,0,0,0,0,0,0,0,0,0,0,0,0,0,0,0,0,0,0,0,0,0,0,0,0,0,0,0,0,0,0,0,0,0,0,0,0,0,0,0,0,0,0,0,0,0,0,0,0,0,0,0,0,0,0,0,0,0,0,0,0,0,0,0,0,0,0,0,0,0,0,0,0,0,0,0,0,0,0,0,0,0,0,0,0,0,0,0,0,0,0,0,0,0,0,0,0,0,0,0,0,0,0,0,0,0,0,0,0,0,0,0,0,0,0,0,0,0,0,0,0,0,0,0,0,0,0,0,0,0,0,0,0,0,0,0,0,0,0,0,0,0,0,0,0,0,0,0,0,0,0,0,0,0,0,0,0,0,0,0,0,0,0,0,0,0,0,0,0,0,0,0,0,0,0,0,0,0,0,0,0,0,0,0,0,0,0,0,0,0,0,0,0,0,0,0,0,0,0,0,0,0,0,0,0,0,0,0,0,0,0,0,0,0,0,0,0,0,0,0,0,0,0,0,0,0],[0,0,0,0,0,0,0,0,0,0,0,0,0,0,0,0,0,0,0,0,0,0,0,0,0,0,0,0,0,0,0,0,0,0,0,0,0,0,0,0,0,0,0,0,0,0,0,0,0,0,0,0,0,0,0,0,0,0,0,0,0,0,0,0,0,0,0,0,0,0,0,0,0,0,0,0,0,0,0,0,0,0,0,0,0,0,0,0,0,0,0,0,0,0,0,0,0,0,0,0,0,0,0,0,0,0,0,0,0,0,0,0,0,0,0,0,0,0,0,0,0,0,0,0,0,0,0,0,0,0,0,0,0,0,0,0,0,0,0,0,0,0,0,0,0,0,0,0,0,0,0,0,0,0,0,0,0,0,0,0,0,0,0,0,0,0,0,0,0,0,0,0,0,0,0,0,0,0,0,0,0,0,0,0,0,0,0,0,0,0,0,0,0,0,0,0,0,0,0,0,0,0,0,0,0,0,0,0,0,0,0,0,0,0,0,0,0,0,0,0,0,0,0,0,0,0,0,0,0,0,0,0,0,0,0,0,0,0,0,0,0,0,0,0,0,0,0,0,0,0,0,0,0,0,0,0],[0,0,0,0,0,0,0,0,0,0,0,0,0,0,0,0,0,0,0,0,0,0,0,0,0,0,0,0,0,0,0,0,0,0,0,0,0,0,0,0,0,0,0,0,0,0,0,0,0,0,0,0,0,0,0,0,0,0,0,0,0,0,0,0,0,0,0,0,0,0,0,0,0,0,0,0,0,0,0,0,0,0,0,0,0,0,0,0,0,0,0,0,0,0,0,0,0,0,0,0,0,0,0,0,0,0,0,0,0,0,0,0,0,0,0,0,0,0,0,0,0,0,0,0,0,0,0,0,0,0,0,0,0,0,0,0,0,0,0,0,0,0,0,0,0,0,0,0,0,0,0,0,0,0,0,0,0,0,0,0,0,0,0,0,0,0,0,0,0,0,0,0,0,0,0,0,0,0,0,0,0,0,0,0,0,0,0,0,0,0,0,0,0,0,0,0,0,0,0,0,0,0,0,0,0,0,0,0,0,0,0,0,0,0,0,0,0,0,0,0,0,0,0,0,0,0,0,0,0,0,0,0,0,0,0,0,0,0,0,0,0,0,0,0,0,0,0,0,0,0,0,0,0,0,0,0],[0,0,0,0,0,0,0,0,0,0,0,0,0,0,0,0,0,0,0,0,0,0,0,0,0,0,0,0,0,0,0,0,0,0,0,0,0,0,0,0,0,0,0,0,0,0,0,0,0,0,0,0,0,0,0,0,0,0,0,0,0,0,0,0,0,0,0,0,0,0,0,0,0,0,0,0,0,0,0,0,0,0,0,0,0,0,0,0,0,0,0,0,0,0,0,0,0,0,0,0,0,0,0,0,0,0,0,0,0,0,0,0,0,0,0,0,0,0,0,0,0,0,0,0,0,0,0,0,0,0,0,0,0,0,0,0,0,0,0,0,0,0,0,0,0,0,0,0,0,0,0,0,0,0,0,0,0,0,0,0,0,0,0,0,0,0,0,0,0,0,0,0,0,0,0,0,0,0,0,0,0,0,0,0,0,0,0,0,0,0,0,0,0,0,0,0,0,0,0,0,0,0,0,0,0,0,0,0,0,0,0,0,0,0,0,0,0,0,0,0,0,0,0,0,0,0,0,0,0,0,0,0,0,0,0,0,0,0,0,0,0,0,0,0,0,0,0,0,0,0,0,0,0,0,0,0],[0,0,0,0,0,0,0,0,0,0,0,0,0,0,0,0,0,0,0,0,0,0,0,0,0,0,0,0,0,0,0,0,0,0,0,0,0,0,0,0,0,0,0,0,0,0,0,0,0,0,0,0,0,0,0,0,0,0,0,0,0,0,0,0,0,0,0,0,0,0,0,0,0,0,0,0,0,0,0,0,0,0,0,0,0,0,0,0,0,0,0,0,0,0,0,0,0,0,0,0,0,0,0,0,0,0,0,0,0,0,0,0,0,0,0,0,0,0,0,0,0,0,0,0,0,0,0,0,0,0,0,0,0,0,0,0,0,0,0,0,0,0,0,0,0,0,0,0,0,0,0,0,0,0,0,0,0,0,0,0,0,0,0,0,0,0,0,0,0,0,0,0,0,0,0,0,0,0,0,0,0,0,0,0,0,0,0,0,0,0,0,0,0,0,0,0,0,0,0,0,0,0,0,0,0,0,0,0,0,0,0,0,0,0,0,0,0,0,0,0,0,0,0,0,0,0,0,0,0,0,0,0,0,0,0,0,0,0,0,0,0,0,0,0,0,0,0,0,0,0,0,0,0,0,0,0],[0,0,0,0,0,0,0,0,0,0,0,0,0,0,0,0,0,0,0,0,0,0,0,0,0,0,0,0,0,0,0,0,0,0,0,0,0,0,0,0,0,0,0,0,0,0,0,0,0,0,0,0,0,0,0,0,0,0,0,0,0,0,0,0,0,0,0,0,0,0,0,0,0,0,0,0,0,0,0,0,0,0,0,0,0,0,0,0,0,0,0,0,0,0,0,0,0,0,0,0,0,0,0,0,0,0,0,0,0,0,0,0,0,0,0,0,0,0,0,0,0,0,0,0,0,0,0,0,0,0,0,0,0,0,0,0,0,0,0,0,0,0,0,0,0,0,0,0,0,0,0,0,0,0,0,0,0,0,0,0,0,0,0,0,0,0,0,0,0,0,0,0,0,0,0,0,0,0,0,0,0,0,0,0,0,0,0,0,0,0,0,0,0,0,0,0,0,0,0,0,0,0,0,0,0,0,0,0,0,0,0,0,0,0,0,0,0,0,0,0,0,0,0,0,0,0,0,0,0,0,0,0,0,0,0,0,0,0,0,0,0,0,0,0,0,0,0,0,0,0,0,0,0,0,0,0],[0,0,0,0,0,0,0,0,0,0,0,0,0,0,0,0,0,0,0,0,0,0,0,0,0,0,0,0,0,0,0,0,0,0,0,0,0,0,0,0,0,0,0,0,0,0,0,0,0,0,0,0,0,0,0,0,0,0,0,0,0,0,0,0,0,0,0,0,0,0,0,0,0,0,0,0,0,0,0,0,0,0,0,0,0,0,0,0,0,0,0,0,0,0,0,0,0,0,0,0,0,0,0,0,0,0,0,0,0,0,0,0,0,0,0,0,0,0,0,0,0,0,0,0,0,0,0,0,0,0,0,0,0,0,0,0,0,0,0,0,0,0,0,0,0,0,0,0,0,0,0,0,0,0,0,0,0,0,0,0,0,0,0,0,0,0,0,0,0,0,0,0,0,0,0,0,0,0,0,0,0,0,0,0,0,0,0,0,0,0,0,0,0,0,0,0,0,0,0,0,0,0,0,0,0,0,0,0,0,0,0,0,0,0,0,0,0,0,0,0,0,0,0,0,0,0,0,0,0,0,0,0,0,0,0,0,0,0,0,0,0,0,0,0,0,0,0,0,0,0,0,0,0,0,0,0],[0,0,0,0,0,0,0,0,0,0,0,0,0,0,0,0,0,0,0,0,0,0,0,0,0,0,0,0,0,0,0,0,0,0,0,0,0,0,0,0,0,0,0,0,0,0,0,0,0,0,0,0,0,0,0,0,0,0,0,0,0,0,0,0,0,0,0,0,0,0,0,0,0,0,0,0,0,0,0,0,0,0,0,0,0,0,0,0,0,0,0,0,0,0,0,0,0,0,0,0,0,0,0,0,0,0,0,0,0,0,0,0,0,0,0,0,0,0,0,0,0,0,0,0,0,0,0,0,0,0,0,0,0,0,0,0,0,0,0,0,0,0,0,0,0,0,0,0,0,0,0,0,0,0,0,0,0,0,0,0,0,0,0,0,0,0,0,0,0,0,0,0,0,0,0,0,0,0,0,0,0,0,0,0,0,0,0,0,0,0,0,0,0,0,0,0,0,0,0,0,0,0,0,0,0,0,0,0,0,0,0,0,0,0,0,0,0,0,0,0,0,0,0,0,0,0,0,0,0,0,0,0,0,0,0,0,0,0,0,0,0,0,0,0,0,0,0,0,0,0,0,0,0,0,0,0],[0,0,0,0,0,0,0,0,0,0,0,0,0,0,0,0,0,0,0,0,0,0,0,0,0,0,0,0,0,0,0,0,0,0,0,0,0,0,0,0,0,0,0,0,0,0,0,0,0,0,0,0,0,0,0,0,0,0,0,0,0,0,0,0,0,0,0,0,0,0,0,0,0,0,0,0,0,0,0,0,0,0,0,0,0,0,0,0,0,0,0,0,0,0,0,0,0,0,0,0,0,0,0,0,0,0,0,0,0,0,0,0,0,0,0,0,0,0,0,0,0,0,0,0,0,0,0,0,0,0,0,0,0,0,0,0,0,0,0,0,0,0,0,0,0,0,0,0,0,0,0,0,0,0,0,0,0,0,0,0,0,0,0,0,0,0,0,0,0,0,0,0,0,0,0,0,0,0,0,0,0,0,0,0,0,0,0,0,0,0,0,0,0,0,0,0,0,0,0,0,0,0,0,0,0,0,0,0,0,0,0,0,0,0,0,0,0,0,0,0,0,0,0,0,0,0,0,0,0,0,0,0,0,0,0,0,0,0,0,0,0,0,0,0,0,0,0,0,0,0,0,0,0,0,0,0],[0,0,0,0,0,0,0,0,0,0,0,0,0,0,0,0,0,0,0,0,0,0,0,0,0,0,0,0,0,0,0,0,0,0,0,0,0,0,0,0,0,0,0,0,0,0,0,0,0,0,0,0,0,0,0,0,0,0,0,0,0,0,0,0,0,0,0,0,0,0,0,0,0,0,0,0,0,0,0,0,0,0,0,0,0,0,0,0,0,0,0,0,0,0,0,0,0,0,0,0,0,0,0,0,0,0,0,0,0,0,0,0,0,0,0,0,0,0,0,0,0,0,0,0,0,0,0,0,0,0,0,0,0,0,0,0,0,0,0,0,0,0,0,0,0,0,0,0,0,0,0,0,0,0,0,0,0,0,0,0,0,0,0,0,0,0,0,0,0,0,0,0,0,0,0,0,0,0,0,0,0,0,0,0,0,0,0,0,0,0,0,0,0,0,0,0,0,0,0,0,0,0,0,0,0,0,0,0,0,0,0,0,0,0,0,0,0,0,0,0,0,0,0,0,0,0,0,0,0,0,0,0,0,0,0,0,0,0,0,0,0,0,0,0,0,0,0,0,0,0,0,0,0,0,0,0],[0,0,0,0,0,0,0,0,0,0,0,0,0,0,0,0,0,0,0,0,0,0,0,0,0,0,0,0,0,0,0,0,0,0,0,0,0,0,0,0,0,0,0,0,0,0,0,0,0,0,0,0,0,0,0,0,0,0,0,0,0,0,0,0,0,0,0,0,0,0,0,0,0,0,0,0,0,0,0,0,0,0,0,0,0,0,0,0,0,0,0,0,0,0,0,0,0,0,0,0,0,0,0,0,0,0,0,0,0,0,0,0,0,0,0,0,0,0,0,0,0,0,0,0,0,0,0,0,0,0,0,0,0,0,0,0,0,0,0,0,0,0,0,0,0,0,0,0,0,0,0,0,0,0,0,0,0,0,0,0,0,0,0,0,0,0,0,0,0,0,0,0,0,0,0,0,0,0,0,0,0,0,0,0,0,0,0,0,0,0,0,0,0,0,0,0,0,0,0,0,0,0,0,0,0,0,0,0,0,0,0,0,0,0,0,0,0,0,0,0,0,0,0,0,0,0,0,0,0,0,0,0,0,0,0,0,0,0,0,0,0,0,0,0,0,0,0,0,0,0,0,0,0,0,0,0],[0,0,0,0,0,0,0,0,0,0,0,0,0,0,0,0,0,0,0,0,0,0,0,0,0,0,0,0,0,0,0,0,0,0,0,0,0,0,0,0,0,0,0,0,0,0,0,0,0,0,0,0,0,0,0,0,0,0,0,0,0,0,0,0,0,0,0,0,0,0,0,0,0,0,0,0,0,0,0,0,0,0,0,0,0,0,0,0,0,0,0,0,0,0,0,0,0,0,0,0,0,0,0,0,0,0,0,0,0,0,0,0,0,0,0,0,0,0,0,0,0,0,0,0,0,0,0,0,0,0,0,0,0,0,0,0,0,0,0,0,0,0,0,0,0,0,0,0,0,0,0,0,0,0,0,0,0,0,0,0,0,0,0,0,0,0,0,0,0,0,0,0,0,0,0,0,0,0,0,0,0,0,0,0,0,0,0,0,0,0,0,0,0,0,0,0,0,0,0,0,0,0,0,0,0,0,0,0,0,0,0,0,0,0,0,0,0,0,0,0,0,0,0,0,0,0,0,0,0,0,0,0,0,0,0,0,0,0,0,0,0,0,0,0,0,0,0,0,0,0,0,0,0,0,0,0],[0,0,0,0,0,0,0,0,0,0,0,0,0,0,0,0,0,0,0,0,0,0,0,0,0,0,0,0,0,0,0,0,0,0,0,0,0,0,0,0,0,0,0,0,0,0,0,0,0,0,0,0,0,0,0,0,0,0,0,0,0,0,0,0,0,0,0,0,0,0,0,0,0,0,0,0,0,0,0,0,0,0,0,0,0,0,0,0,0,0,0,0,0,0,0,0,0,0,0,0,0,0,0,0,0,0,0,0,0,0,0,0,0,0,0,0,0,0,0,0,0,0,0,0,0,0,0,0,0,0,0,0,0,0,0,0,0,0,0,0,0,0,0,0,0,0,0,0,0,0,0,0,0,0,0,0,0,0,0,0,0,0,0,0,0,0,0,0,0,0,0,0,0,0,0,0,0,0,0,0,0,0,0,0,0,0,0,0,0,0,0,0,0,0,0,0,0,0,0,0,0,0,0,0,0,0,0,0,0,0,0,0,0,0,0,0,0,0,0,0,0,0,0,0,0,0,0,0,0,0,0,0,0,0,0,0,0,0,0,0,0,0,0,0,0,0,0,0,0,0,0,0,0,0,0,0],[0,0,0,0,0,0,0,0,0,0,0,0,0,0,0,0,0,0,0,0,0,0,0,0,0,0,0,0,0,0,0,0,0,0,0,0,0,0,0,0,0,0,0,0,0,0,0,0,0,0,0,0,0,0,0,0,0,0,0,0,0,0,0,0,0,0,0,0,0,0,0,0,0,0,0,0,0,0,0,0,0,0,0,0,0,0,0,0,0,0,0,0,0,0,0,0,0,0,0,0,0,0,0,0,0,0,0,0,0,0,0,0,0,0,0,0,0,0,0,0,0,0,0,0,0,0,0,0,0,0,0,0,0,0,0,0,0,0,0,0,0,0,0,0,0,0,0,0,0,0,0,0,0,0,0,0,0,0,0,0,0,0,0,0,0,0,0,0,0,0,0,0,0,0,0,0,0,0,0,0,0,0,0,0,0,0,0,0,0,0,0,0,0,0,0,0,0,0,0,0,0,0,0,0,0,0,0,0,0,0,0,0,0,0,0,0,0,0,0,0,0,0,0,0,0,0,0,0,0,0,0,0,0,0,0,0,0,0,0,0,0,0,0,0,0,0,0,0,0,0,0,0,0,0,0,0],[0,0,0,0,0,0,0,0,0,0,0,0,0,0,0,0,0,0,0,0,0,0,0,0,0,0,0,0,0,0,0,0,0,0,0,0,0,0,0,0,0,0,0,0,0,0,0,0,0,0,0,0,0,0,0,0,0,0,0,0,0,0,0,0,0,0,0,0,0,0,0,0,0,0,0,0,0,0,0,0,0,0,0,0,0,0,0,0,0,0,0,0,0,0,0,0,0,0,0,0,0,0,0,0,0,0,0,0,0,0,0,0,0,0,0,0,0,0,0,0,0,0,0,0,0,0,0,0,0,0,0,0,0,0,0,0,0,0,0,0,0,0,0,0,0,0,0,0,0,0,0,0,0,0,0,0,0,0,0,0,0,0,0,0,0,0,0,0,0,0,0,0,0,0,0,0,0,0,0,0,0,0,0,0,0,0,0,0,0,0,0,0,0,0,0,0,0,0,0,0,0,0,0,0,0,0,0,0,0,0,0,0,0,0,0,0,0,0,0,0,0,0,0,0,0,0,0,0,0,0,0,0,0,0,0,0,0,0,0,0,0,0,0,0,0,0,0,0,0,0,0,0,0,0,0,0],[0,0,0,0,0,0,0,0,0,0,0,0,0,0,0,0,0,0,0,0,0,0,0,0,0,0,0,0,0,0,0,0,0,0,0,0,0,0,0,0,0,0,0,0,0,0,0,0,0,0,0,0,0,0,0,0,0,0,0,0,0,0,0,0,0,0,0,0,0,0,0,0,0,0,0,0,0,0,0,0,0,0,0,0,0,0,0,0,0,0,0,0,0,0,0,0,0,0,0,0,0,0,0,0,0,0,0,0,0,0,0,0,0,0,0,0,0,0,0,0,0,0,0,0,0,0,0,0,0,0,0,0,0,0,0,0,0,0,0,0,0,0,0,0,0,0,0,0,0,0,0,0,0,0,0,0,0,0,0,0,0,0,0,0,0,0,0,0,0,0,0,0,0,0,0,0,0,0,0,0,0,0,0,0,0,0,0,0,0,0,0,0,0,0,0,0,0,0,0,0,0,0,0,0,0,0,0,0,0,0,0,0,0,0,0,0,0,0,0,0,0,0,0,0,0,0,0,0,0,0,0,0,0,0,0,0,0,0,0,0,0,0,0,0,0,0,0,0,0,0,0,0,0,0,0,0],[0,0,0,0,0,0,0,0,0,0,0,0,0,0,0,0,0,0,0,0,0,0,0,0,0,0,0,0,0,0,0,0,0,0,0,0,0,0,0,0,0,0,0,0,0,0,0,0,0,0,0,0,0,0,0,0,0,0,0,0,0,0,0,0,0,0,0,0,0,0,0,0,0,0,0,0,0,0,0,0,0,0,0,0,0,0,0,0,0,0,0,0,0,0,0,0,0,0,0,0,0,0,0,0,0,0,0,0,0,0,0,0,0,0,0,0,0,0,0,0,0,0,0,0,0,0,0,0,0,0,0,0,0,0,0,0,0,0,0,0,0,0,0,0,0,0,0,0,0,0,0,0,0,0,0,0,0,0,0,0,0,0,0,0,0,0,0,0,0,0,0,0,0,0,0,0,0,0,0,0,0,0,0,0,0,0,0,0,0,0,0,0,0,0,0,0,0,0,0,0,0,0,0,0,0,0,0,0,0,0,0,0,0,0,0,0,0,0,0,0,0,0,0,0,0,0,0,0,0,0,0,0,0,0,0,0,0,0,0,0,0,0,0,0,0,0,0,0,0,0,0,0,0,0,0,0],[0,0,0,0,0,0,0,0,0,0,0,0,0,0,0,0,0,0,0,0,0,0,0,0,0,0,0,0,0,0,0,0,0,0,0,0,0,0,0,0,0,0,0,0,0,0,0,0,0,0,0,0,0,0,0,0,0,0,0,0,0,0,0,0,0,0,0,0,0,0,0,0,0,0,0,0,0,0,0,0,0,0,0,0,0,0,0,0,0,0,0,0,0,0,0,0,0,0,0,0,0,0,0,0,0,0,0,0,0,0,0,0,0,0,0,0,0,0,0,0,0,0,0,0,0,0,0,0,0,0,0,0,0,0,0,0,0,0,0,0,0,0,0,0,0,0,0,0,0,0,0,0,0,0,0,0,0,0,0,0,0,0,0,0,0,0,0,0,0,0,0,0,0,0,0,0,0,0,0,0,0,0,0,0,0,0,0,0,0,0,0,0,0,0,0,0,0,0,0,0,0,0,0,0,0,0,0,0,0,0,0,0,0,0,0,0,0,0,0,0,0,0,0,0,0,0,0,0,0,0,0,0,0,0,0,0,0,0,0,0,0,0,0,0,0,0,0,0,0,0,0,0,0,0,0,0],[0,0,0,0,0,0,0,0,0,0,0,0,0,0,0,0,0,0,0,0,0,0,0,0,0,0,0,0,0,0,0,0,0,0,0,0,0,0,0,0,0,0,0,0,0,0,0,0,0,0,0,0,0,0,0,0,0,0,0,0,0,0,0,0,0,0,0,0,0,0,0,0,0,0,0,0,0,0,0,0,0,0,0,0,0,0,0,0,0,0,0,0,0,0,0,0,0,0,0,0,0,0,0,0,0,0,0,0,0,0,0,0,0,0,0,0,0,0,0,0,0,0,0,0,0,0,0,0,0,0,0,0,0,0,0,0,0,0,0,0,0,0,0,0,0,0,0,0,0,0,0,0,0,0,0,0,0,0,0,0,0,0,0,0,0,0,0,0,0,0,0,0,0,0,0,0,0,0,0,0,0,0,0,0,0,0,0,0,0,0,0,0,0,0,0,0,0,0,0,0,0,0,0,0,0,0,0,0,0,0,0,0,0,0,0,0,0,0,0,0,0,0,0,0,0,0,0,0,0,0,0,0,0,0,0,0,0,0,0,0,0,0,0,0,0,0,0,0,0,0,0,0,0,0,0,0],[0,0,0,0,0,0,0,0,0,0,0,0,0,0,0,0,0,0,0,0,0,0,0,0,0,0,0,0,0,0,0,0,0,0,0,0,0,0,0,0,0,0,0,0,0,0,0,0,0,0,0,0,0,0,0,0,0,0,0,0,0,0,0,0,0,0,0,0,0,0,0,0,0,0,0,0,0,0,0,0,0,0,0,0,0,0,0,0,0,0,0,0,0,0,0,0,0,0,0,0,0,0,0,0,0,0,0,0,0,0,0,0,0,0,0,0,0,0,0,0,0,0,0,0,0,0,0,0,0,0,0,0,0,0,0,0,0,0,0,0,0,0,0,0,0,0,0,0,0,0,0,0,0,0,0,0,0,0,0,0,0,0,0,0,0,0,0,0,0,0,0,0,0,0,0,0,0,0,0,0,0,0,0,0,0,0,0,0,0,0,0,0,0,0,0,0,0,0,0,0,0,0,0,0,0,0,0,0,0,0,0,0,0,0,0,0,0,0,0,0,0,0,0,0,0,0,0,0,0,0,0,0,0,0,0,0,0,0,0,0,0,0,0,0,0,0,0,0,0,0,0,0,0,0,0,0],[0,0,0,0,0,0,0,0,0,0,0,0,0,0,0,0,0,0,0,0,0,0,0,0,0,0,0,0,0,0,0,0,0,0,0,0,0,0,0,0,0,0,0,0,0,0,0,0,0,0,0,0,0,0,0,0,0,0,0,0,0,0,0,0,0,0,0,0,0,0,0,0,0,0,0,0,0,0,0,0,0,0,0,0,0,0,0,0,0,0,0,0,0,0,0,0,0,0,0,0,0,0,0,0,0,0,0,0,0,0,0,0,0,0,0,0,0,0,0,0,0,0,0,0,0,0,0,0,0,0,0,0,0,0,0,0,0,0,0,0,0,0,0,0,0,0,0,0,0,0,0,0,0,0,0,0,0,0,0,0,0,0,0,0,0,0,0,0,0,0,0,0,0,0,0,0,0,0,0,0,0,0,0,0,0,0,0,0,0,0,0,0,0,0,0,0,0,0,0,0,0,0,0,0,0,0,0,0,0,0,0,0,0,0,0,0,0,0,0,0,0,0,0,0,0,0,0,0,0,0,0,0,0,0,0,0,0,0,0,0,0,0,0,0,0,0,0,0,0,0,0,0,0,0,0,0],[0,0,0,0,0,0,0,0,0,0,0,0,0,0,0,0,0,0,0,0,0,0,0,0,0,0,0,0,0,0,0,0,0,0,0,0,0,0,0,0,0,0,0,0,0,0,0,0,0,0,0,0,0,0,0,0,0,0,0,0,0,0,0,0,0,0,0,0,0,0,0,0,0,0,0,0,0,0,0,0,0,0,0,0,0,0,0,0,0,0,0,0,0,0,0,0,0,0,0,0,0,0,0,0,0,0,0,0,0,0,0,0,0,0,0,0,0,0,0,0,0,0,0,0,0,0,0,0,0,0,0,0,0,0,0,0,0,0,0,0,0,0,0,0,0,0,0,0,0,0,0,0,0,0,0,0,0,0,0,0,0,0,0,0,0,0,0,0,0,0,0,0,0,0,0,0,0,0,0,0,0,0,0,0,0,0,0,0,0,0,0,0,0,0,0,0,0,0,0,0,0,0,0,0,0,0,0,0,0,0,0,0,0,0,0,0,0,0,0,0,0,0,0,0,0,0,0,0,0,0,0,0,0,0,0,0,0,0,0,0,0,0,0,0,0,0,0,0,0,0,0,0,0,0,0,0],[0,0,0,0,0,0,0,0,0,0,0,0,0,0,0,0,0,0,0,0,0,0,0,0,0,0,0,0,0,0,0,0,0,0,0,0,0,0,0,0,0,0,0,0,0,0,0,0,0,0,0,0,0,0,0,0,0,0,0,0,0,0,0,0,0,0,0,0,0,0,0,0,0,0,0,0,0,0,0,0,0,0,0,0,0,0,0,0,0,0,0,0,0,0,0,0,0,0,0,0,0,0,0,0,0,0,0,0,0,0,0,0,0,0,0,0,0,0,0,0,0,0,0,0,0,0,0,0,0,0,0,0,0,0,0,0,0,0,0,0,0,0,0,0,0,0,0,0,0,0,0,0,0,0,0,0,0,0,0,0,0,0,0,0,0,0,0,0,0,0,0,0,0,0,0,0,0,0,0,0,0,0,0,0,0,0,0,0,0,0,0,0,0,0,0,0,0,0,0,0,0,0,0,0,0,0,0,0,0,0,0,0,0,0,0,0,0,0,0,0,0,0,0,0,0,0,0,0,0,0,0,0,0,0,0,0,0,0,0,0,0,0,0,0,0,0,0,0,0,0,0,0,0,0,0,0],[0,0,0,0,0,0,0,0,0,0,0,0,0,0,0,0,0,0,0,0,0,0,0,0,0,0,0,0,0,0,0,0,0,0,0,0,0,0,0,0,0,0,0,0,0,0,0,0,0,0,0,0,0,0,0,0,0,0,0,0,0,0,0,0,0,0,0,0,0,0,0,0,0,0,0,0,0,0,0,0,0,0,0,0,0,0,0,0,0,0,0,0,0,0,0,0,0,0,0,0,0,0,0,0,0,0,0,0,0,0,0,0,0,0,0,0,0,0,0,0,0,0,0,0,0,0,0,0,0,0,0,0,0,0,0,0,0,0,0,0,0,0,0,0,0,0,0,0,0,0,0,0,0,0,0,0,0,0,0,0,0,0,0,0,0,0,0,0,0,0,0,0,0,0,0,0,0,0,0,0,0,0,0,0,0,0,0,0,0,0,0,0,0,0,0,0,0,0,0,0,0,0,0,0,0,0,0,0,0,0,0,0,0,0,0,0,0,0,0,0,0,0,0,0,0,0,0,0,0,0,0,0,0,0,0,0,0,0,0,0,0,0,0,0,0,0,0,0,0,0,0,0,0,0,0,0],[0,0,0,0,0,0,0,0,0,0,0,0,0,0,0,0,0,0,0,0,0,0,0,0,0,0,0,0,0,0,0,0,0,0,0,0,0,0,0,0,0,0,0,0,0,0,0,0,0,0,0,0,0,0,0,0,0,0,0,0,0,0,0,0,0,0,0,0,0,0,0,0,0,0,0,0,0,0,0,0,0,0,0,0,0,0,0,0,0,0,0,0,0,0,0,0,0,0,0,0,0,0,0,0,0,0,0,0,0,0,0,0,0,0,0,0,0,0,0,0,0,0,0,0,0,0,0,0,0,0,0,0,0,0,0,0,0,0,0,0,0,0,0,0,0,0,0,0,0,0,0,0,0,0,0,0,0,0,0,0,0,0,0,0,0,0,0,0,0,0,0,0,0,0,0,0,0,0,0,0,0,0,0,0,0,0,0,0,0,0,0,0,0,0,0,0,0,0,0,0,0,0,0,0,0,0,0,0,0,0,0,0,0,0,0,0,0,0,0,0,0,0,0,0,0,0,0,0,0,0,0,0,0,0,0,0,0,0,0,0,0,0,0,0,0,0,0,0,0,0,0,0,0,0,0,0],[0,0,0,0,0,0,0,0,0,0,0,0,0,0,0,0,0,0,0,0,0,0,0,0,0,0,0,0,0,0,0,0,0,0,0,0,0,0,0,0,0,0,0,0,0,0,0,0,0,0,0,0,0,0,0,0,0,0,0,0,0,0,0,0,0,0,0,0,0,0,0,0,0,0,0,0,0,0,0,0,0,0,0,0,0,0,0,0,0,0,0,0,0,0,0,0,0,0,0,0,0,0,0,0,0,0,0,0,0,0,0,0,0,0,0,0,0,0,0,0,0,0,0,0,0,0,0,0,0,0,0,0,0,0,0,0,0,0,0,0,0,0,0,0,0,0,0,0,0,0,0,0,0,0,0,0,0,0,0,0,0,0,0,0,0,0,0,0,0,0,0,0,0,0,0,0,0,0,0,0,0,0,0,0,0,0,0,0,0,0,0,0,0,0,0,0,0,0,0,0,0,0,0,0,0,0,0,0,0,0,0,0,0,0,0,0,0,0,0,0,0,0,0,0,0,0,0,0,0,0,0,0,0,0,0,0,0,0,0,0,0,0,0,0,0,0,0,0,0,0,0,0,0,0,0,0],[0,0,0,0,0,0,0,0,0,0,0,0,0,0,0,0,0,0,0,0,0,0,0,0,0,0,0,0,0,0,0,0,0,0,0,0,0,0,0,0,0,0,0,0,0,0,0,0,0,0,0,0,0,0,0,0,0,0,0,0,0,0,0,0,0,0,0,0,0,0,0,0,0,0,0,0,0,0,0,0,0,0,0,0,0,0,0,0,0,0,0,0,0,0,0,0,0,0,0,0,0,0,0,0,0,0,0,0,0,0,0,0,0,0,0,0,0,0,0,0,0,0,0,0,0,0,0,0,0,0,0,0,0,0,0,0,0,0,0,0,0,0,0,0,0,0,0,0,0,0,0,0,0,0,0,0,0,0,0,0,0,0,0,0,0,0,0,0,0,0,0,0,0,0,0,0,0,0,0,0,0,0,0,0,0,0,0,0,0,0,0,0,0,0,0,0,0,0,0,0,0,0,0,0,0,0,0,0,0,0,0,0,0,0,0,0,0,0,0,0,0,0,0,0,0,0,0,0,0,0,0,0,0,0,0,0,0,0,0,0,0,0,0,0,0,0,0,0,0,0,0,0,0,0,0,0],[0,0,0,0,0,0,0,0,0,0,0,0,0,0,0,0,0,0,0,0,0,0,0,0,0,0,0,0,0,0,0,0,0,0,0,0,0,0,0,0,0,0,0,0,0,0,0,0,0,0,0,0,0,0,0,0,0,0,0,0,0,0,0,0,0,0,0,0,0,0,0,0,0,0,0,0,0,0,0,0,0,0,0,0,0,0,0,0,0,0,0,0,0,0,0,0,0,0,0,0,0,0,0,0,0,0,0,0,0,0,0,0,0,0,0,0,0,0,0,0,0,0,0,0,0,0,0,0,0,0,0,0,0,0,0,0,0,0,0,0,0,0,0,0,0,0,0,0,0,0,0,0,0,0,0,0,0,0,0,0,0,0,0,0,0,0,0,0,0,0,0,0,0,0,0,0,0,0,0,0,0,0,0,0,0,0,0,0,0,0,0,0,0,0,0,0,0,0,0,0,0,0,0,0,0,0,0,0,0,0,0,0,0,0,0,0,0,0,0,0,0,0,0,0,0,0,0,0,0,0,0,0,0,0,0,0,0,0,0,0,0,0,0,0,0,0,0,0,0,0,0,0,0,0,0,0],[0,0,0,0,0,0,0,0,0,0,0,0,0,0,0,0,0,0,0,0,0,0,0,0,0,0,0,0,0,0,0,0,0,0,0,0,0,0,0,0,0,0,0,0,0,0,0,0,0,0,0,0,0,0,0,0,0,0,0,0,0,0,0,0,0,0,0,0,0,0,0,0,0,0,0,0,0,0,0,0,0,0,0,0,0,0,0,0,0,0,0,0,0,0,0,0,0,0,0,0,0,0,0,0,0,0,0,0,0,0,0,0,0,0,0,0,0,0,0,0,0,0,0,0,0,0,0,0,0,0,0,0,0,0,0,0,0,0,0,0,0,0,0,0,0,0,0,0,0,0,0,0,0,0,0,0,0,0,0,0,0,0,0,0,0,0,0,0,0,0,0,0,0,0,0,0,0,0,0,0,0,0,0,0,0,0,0,0,0,0,0,0,0,0,0,0,0,0,0,0,0,0,0,0,0,0,0,0,0,0,0,0,0,0,0,0,0,0,0,0,0,0,0,0,0,0,0,0,0,0,0,0,0,0,0,0,0,0,0,0,0,0,0,0,0,0,0,0,0,0,0,0,0,0,0,0],[0,0,0,0,0,0,0,0,0,0,0,0,0,0,0,0,0,0,0,0,0,0,0,0,0,0,0,0,0,0,0,0,0,0,0,0,0,0,0,0,0,0,0,0,0,0,0,0,0,0,0,0,0,0,0,0,0,0,0,0,0,0,0,0,0,0,0,0,0,0,0,0,0,0,0,0,0,0,0,0,0,0,0,0,0,0,0,0,0,0,0,0,0,0,0,0,0,0,0,0,0,0,0,0,0,0,0,0,0,0,0,0,0,0,0,0,0,0,0,0,0,0,0,0,0,0,0,0,0,0,0,0,0,0,0,0,0,0,0,0,0,0,0,0,0,0,0,0,0,0,0,0,0,0,0,0,0,0,0,0,0,0,0,0,0,0,0,0,0,0,0,0,0,0,0,0,0,0,0,0,0,0,0,0,0,0,0,0,0,0,0,0,0,0,0,0,0,0,0,0,0,0,0,0,0,0,0,0,0,0,0,0,0,0,0,0,0,0,0,0,0,0,0,0,0,0,0,0,0,0,0,0,0,0,0,0,0,0,0,0,0,0,0,0,0,0,0,0,0,0,0,0,0,0,0,0],[0,0,0,0,0,0,0,0,0,0,0,0,0,0,0,0,0,0,0,0,0,0,0,0,0,0,0,0,0,0,0,0,0,0,0,0,0,0,0,0,0,0,0,0,0,0,0,0,0,0,0,0,0,0,0,0,0,0,0,0,0,0,0,0,0,0,0,0,0,0,0,0,0,0,0,0,0,0,0,0,0,0,0,0,0,0,0,0,0,0,0,0,0,0,0,0,0,0,0,0,0,0,0,0,0,0,0,0,0,0,0,0,0,0,0,0,0,0,0,0,0,0,0,0,0,0,0,0,0,0,0,0,0,0,0,0,0,0,0,0,0,0,0,0,0,0,0,0,0,0,0,0,0,0,0,0,0,0,0,0,0,0,0,0,0,0,0,0,0,0,0,0,0,0,0,0,0,0,0,0,0,0,0,0,0,0,0,0,0,0,0,0,0,0,0,0,0,0,0,0,0,0,0,0,0,0,0,0,0,0,0,0,0,0,0,0,0,0,0,0,0,0,0,0,0,0,0,0,0,0,0,0,0,0,0,0,0,0,0,0,0,0,0,0,0,0,0,0,0,0,0,0,0,0,0,0],[0,0,0,0,0,0,0,0,0,0,0,0,0,0,0,0,0,0,0,0,0,0,0,0,0,0,0,0,0,0,0,0,0,0,0,0,0,0,0,0,0,0,0,0,0,0,0,0,0,0,0,0,0,0,0,0,0,0,0,0,0,0,0,0,0,0,0,0,0,0,0,0,0,0,0,0,0,0,0,0,0,0,0,0,0,0,0,0,0,0,0,0,0,0,0,0,0,0,0,0,0,0,0,0,0,0,0,0,0,0,0,0,0,0,0,0,0,0,0,0,0,0,0,0,0,0,0,0,0,0,0,0,0,0,0,0,0,0,0,0,0,0,0,0,0,0,0,0,0,0,0,0,0,0,0,0,0,0,0,0,0,0,0,0,0,0,0,0,0,0,0,0,0,0,0,0,0,0,0,0,0,0,0,0,0,0,0,0,0,0,0,0,0,0,0,0,0,0,0,0,0,0,0,0,0,0,0,0,0,0,0,0,0,0,0,0,0,0,0,0,0,0,0,0,0,0,0,0,0,0,0,0,0,0,0,0,0,0,0,0,0,0,0,0,0,0,0,0,0,0,0,0,0,0,0,0],[0,0,0,0,0,0,0,0,0,0,0,0,0,0,0,0,0,0,0,0,0,0,0,0,0,0,0,0,0,0,0,0,0,0,0,0,0,0,0,0,0,0,0,0,0,0,0,0,0,0,0,0,0,0,0,0,0,0,0,0,0,0,0,0,0,0,0,0,0,0,0,0,0,0,0,0,0,0,0,0,0,0,0,0,0,0,0,0,0,0,0,0,0,0,0,0,0,0,0,0,0,0,0,0,0,0,0,0,0,0,0,0,0,0,0,0,0,0,0,0,0,0,0,0,0,0,0,0,0,0,0,0,0,0,0,0,0,0,0,0,0,0,0,0,0,0,0,0,0,0,0,0,0,0,0,0,0,0,0,0,0,0,0,0,0,0,0,0,0,0,0,0,0,0,0,0,0,0,0,0,0,0,0,0,0,0,0,0,0,0,0,0,0,0,0,0,0,0,0,0,0,0,0,0,0,0,0,0,0,0,0,0,0,0,0,0,0,0,0,0,0,0,0,0,0,0,0,0,0,0,0,0,0,0,0,0,0,0,0,0,0,0,0,0,0,0,0,0,0,0,0,0,0,0,0,0],[0,0,0,0,0,0,0,0,0,0,0,0,0,0,0,0,0,0,0,0,0,0,0,0,0,0,0,0,0,0,0,0,0,0,0,0,0,0,0,0,0,0,0,0,0,0,0,0,0,0,0,0,0,0,0,0,0,0,0,0,0,0,0,0,0,0,0,0,0,0,0,0,0,0,0,0,0,0,0,0,0,0,0,0,0,0,0,0,0,0,0,0,0,0,0,0,0,0,0,0,0,0,0,0,0,0,0,0,0,0,0,0,0,0,0,0,0,0,0,0,0,0,0,0,0,0,0,0,0,0,0,0,0,0,0,0,0,0,0,0,0,0,0,0,0,0,0,0,0,0,0,0,0,0,0,0,0,0,0,0,0,0,0,0,0,0,0,0,0,0,0,0,0,0,0,0,0,0,0,0,0,0,0,0,0,0,0,0,0,0,0,0,0,0,0,0,0,0,0,0,0,0,0,0,0,0,0,0,0,0,0,0,0,0,0,0,0,0,0,0,0,0,0,0,0,0,0,0,0,0,0,0,0,0,0,0,0,0,0,0,0,0,0,0,0,0,0,0,0,0,0,0,0,0,0,0],[0,0,0,0,0,0,0,0,0,0,0,0,0,0,0,0,0,0,0,0,0,0,0,0,0,0,0,0,0,0,0,0,0,0,0,0,0,0,0,0,0,0,0,0,0,0,0,0,0,0,0,0,0,0,0,0,0,0,0,0,0,0,0,0,0,0,0,0,0,0,0,0,0,0,0,0,0,0,0,0,0,0,0,0,0,0,0,0,0,0,0,0,0,0,0,0,0,0,0,0,0,0,0,0,0,0,0,0,0,0,0,0,0,0,0,0,0,0,0,0,0,0,0,0,0,0,0,0,0,0,0,0,0,0,0,0,0,0,0,0,0,0,0,0,0,0,0,0,0,0,0,0,0,0,0,0,0,0,0,0,0,0,0,0,0,0,0,0,0,0,0,0,0,0,0,0,0,0,0,0,0,0,0,0,0,0,0,0,0,0,0,0,0,0,0,0,0,0,0,0,0,0,0,0,0,0,0,0,0,0,0,0,0,0,0,0,0,0,0,0,0,0,0,0,0,0,0,0,0,0,0,0,0,0,0,0,0,0,0,0,0,0,0,0,0,0,0,0,0,0,0,0,0,0,0,0],[0,0,0,0,0,0,0,0,0,0,0,0,0,0,0,0,0,0,0,0,0,0,0,0,0,0,0,0,0,0,0,0,0,0,0,0,0,0,0,0,0,0,0,0,0,0,0,0,0,0,0,0,0,0,0,0,0,0,0,0,0,0,0,0,0,0,0,0,0,0,0,0,0,0,0,0,0,0,0,0,0,0,0,0,0,0,0,0,0,0,0,0,0,0,0,0,0,0,0,0,0,0,0,0,0,0,0,0,0,0,0,0,0,0,0,0,0,0,0,0,0,0,0,0,0,0,0,0,0,0,0,0,0,0,0,0,0,0,0,0,0,0,0,0,0,0,0,0,0,0,0,0,0,0,0,0,0,0,0,0,0,0,0,0,0,0,0,0,0,0,0,0,0,0,0,0,0,0,0,0,0,0,0,0,0,0,0,0,0,0,0,0,0,0,0,0,0,0,0,0,0,0,0,0,0,0,0,0,0,0,0,0,0,0,0,0,0,0,0,0,0,0,0,0,0,0,0,0,0,0,0,0,0,0,0,0,0,0,0,0,0,0,0,0,0,0,0,0,0,0,0,0,0,0,0,0],[0,0,0,0,0,0,0,0,0,0,0,0,0,0,0,0,0,0,0,0,0,0,0,0,0,0,0,0,0,0,0,0,0,0,0,0,0,0,0,0,0,0,0,0,0,0,0,0,0,0,0,0,0,0,0,0,0,0,0,0,0,0,0,0,0,0,0,0,0,0,0,0,0,0,0,0,0,0,0,0,0,0,0,0,0,0,0,0,0,0,0,0,0,0,0,0,0,0,0,0,0,0,0,0,0,0,0,0,0,0,0,0,0,0,0,0,0,0,0,0,0,0,0,0,0,0,0,0,0,0,0,0,0,0,0,0,0,0,0,0,0,0,0,0,0,0,0,0,0,0,0,0,0,0,0,0,0,0,0,0,0,0,0,0,0,0,0,0,0,0,0,0,0,0,0,0,0,0,0,0,0,0,0,0,0,0,0,0,0,0,0,0,0,0,0,0,0,0,0,0,0,0,0,0,0,0,0,0,0,0,0,0,0,0,0,0,0,0,0,0,0,0,0,0,0,0,0,0,0,0,0,0,0,0,0,0,0,0,0,0,0,0,0,0,0,0,0,0,0,0,0,0,0,0,0,0],[0,0,0,0,0,0,0,0,0,0,0,0,0,0,0,0,0,0,0,0,0,0,0,0,0,0,0,0,0,0,0,0,0,0,0,0,0,0,0,0,0,0,0,0,0,0,0,0,0,0,0,0,0,0,0,0,0,0,0,0,0,0,0,0,0,0,0,0,0,0,0,0,0,0,0,0,0,0,0,0,0,0,0,0,0,0,0,0,0,0,0,0,0,0,0,0,0,0,0,0,0,0,0,0,0,0,0,0,0,0,0,0,0,0,0,0,0,0,0,0,0,0,0,0,0,0,0,0,0,0,0,0,0,0,0,0,0,0,0,0,0,0,0,0,0,0,0,0,0,0,0,0,0,0,0,0,0,0,0,0,0,0,0,0,0,0,0,0,0,0,0,0,0,0,0,0,0,0,0,0,0,0,0,0,0,0,0,0,0,0,0,0,0,0,0,0,0,0,0,0,0,0,0,0,0,0,0,0,0,0,0,0,0,0,0,0,0,0,0,0,0,0,0,0,0,0,0,0,0,0,0,0,0,0,0,0,0,0,0,0,0,0,0,0,0,0,0,0,0,0,0,0,0,0,0,0],[0,0,0,0,0,0,0,0,0,0,0,0,0,0,0,0,0,0,0,0,0,0,0,0,0,0,0,0,0,0,0,0,0,0,0,0,0,0,0,0,0,0,0,0,0,0,0,0,0,0,0,0,0,0,0,0,0,0,0,0,0,0,0,0,0,0,0,0,0,0,0,0,0,0,0,0,0,0,0,0,0,0,0,0,0,0,0,0,0,0,0,0,0,0,0,0,0,0,0,0,0,0,0,0,0,0,0,0,0,0,0,0,0,0,0,0,0,0,0,0,0,0,0,0,0,0,0,0,0,0,0,0,0,0,0,0,0,0,0,0,0,0,0,0,0,0,0,0,0,0,0,0,0,0,0,0,0,0,0,0,0,0,0,0,0,0,0,0,0,0,0,0,0,0,0,0,0,0,0,0,0,0,0,0,0,0,0,0,0,0,0,0,0,0,0,0,0,0,0,0,0,0,0,0,0,0,0,0,0,0,0,0,0,0,0,0,0,0,0,0,0,0,0,0,0,0,0,0,0,0,0,0,0,0,0,0,0,0,0,0,0,0,0,0,0,0,0,0,0,0,0,0,0,0,0,0],[0,0,0,0,0,0,0,0,0,0,0,0,0,0,0,0,0,0,0,0,0,0,0,0,0,0,0,0,0,0,0,0,0,0,0,0,0,0,0,0,0,0,0,0,0,0,0,0,0,0,0,0,0,0,0,0,0,0,0,0,0,0,0,0,0,0,0,0,0,0,0,0,0,0,0,0,0,0,0,0,0,0,0,0,0,0,0,0,0,0,0,0,0,0,0,0,0,0,0,0,0,0,0,0,0,0,0,0,0,0,0,0,0,0,0,0,0,0,0,0,0,0,0,0,0,0,0,0,0,0,0,0,0,0,0,0,0,0,0,0,0,0,0,0,0,0,0,0,0,0,0,0,0,0,0,0,0,0,0,0,0,0,0,0,0,0,0,0,0,0,0,0,0,0,0,0,0,0,0,0,0,0,0,0,0,0,0,0,0,0,0,0,0,0,0,0,0,0,0,0,0,0,0,0,0,0,0,0,0,0,0,0,0,0,0,0,0,0,0,0,0,0,0,0,0,0,0,0,0,0,0,0,0,0,0,0,0,0,0,0,0,0,0,0,0,0,0,0,0,0,0,0,0,0,0,0],[0,0,0,0,0,0,0,0,0,0,0,0,0,0,0,0,0,0,0,0,0,0,0,0,0,0,0,0,0,0,0,0,0,0,0,0,0,0,0,0,0,0,0,0,0,0,0,0,0,0,0,0,0,0,0,0,0,0,0,0,0,0,0,0,0,0,0,0,0,0,0,0,0,0,0,0,0,0,0,0,0,0,0,0,0,0,0,0,0,0,0,0,0,0,0,0,0,0,0,0,0,0,0,0,0,0,0,0,0,0,0,0,0,0,0,0,0,0,0,0,0,0,0,0,0,0,0,0,0,0,0,0,0,0,0,0,0,0,0,0,0,0,0,0,0,0,0,0,0,0,0,0,0,0,0,0,0,0,0,0,0,0,0,0,0,0,0,0,0,0,0,0,0,0,0,0,0,0,0,0,0,0,0,0,0,0,0,0,0,0,0,0,0,0,0,0,0,0,0,0,0,0,0,0,0,0,0,0,0,0,0,0,0,0,0,0,0,0,0,0,0,0,0,0,0,0,0,0,0,0,0,0,0,0,0,0,0,0,0,0,0,0,0,0,0,0,0,0,0,0,0,0,0,0,0,0],[0,0,0,0,0,0,0,0,0,0,0,0,0,0,0,0,0,0,0,0,0,0,0,0,0,0,0,0,0,0,0,0,0,0,0,0,0,0,0,0,0,0,0,0,0,0,0,0,0,0,0,0,0,0,0,0,0,0,0,0,0,0,0,0,0,0,0,0,0,0,0,0,0,0,0,0,0,0,0,0,0,0,0,0,0,0,0,0,0,0,0,0,0,0,0,0,0,0,0,0,0,0,0,0,0,0,0,0,0,0,0,0,0,0,0,0,0,0,0,0,0,0,0,0,0,0,0,0,0,0,0,0,0,0,0,0,0,0,0,0,0,0,0,0,0,0,0,0,0,0,0,0,0,0,0,0,0,0,0,0,0,0,0,0,0,0,0,0,0,0,0,0,0,0,0,0,0,0,0,0,0,0,0,0,0,0,0,0,0,0,0,0,0,0,0,0,0,0,0,0,0,0,0,0,0,0,0,0,0,0,0,0,0,0,0,0,0,0,0,0,0,0,0,0,0,0,0,0,0,0,0,0,0,0,0,0,0,0,0,0,0,0,0,0,0,0,0,0,0,0,0,0,0,0,0,0]]",256,2026-02-11_17h40.31.207
